0.35109     1.40065     0.259012
0.449785     1.35327     0.142819
0.549178     1.44857     0.0969039
0.695345     1.60333     0.0485242
0.894656     1.53847     0.0351223
1.11553     1.5286     0.026605
1.36491     1.53329     0.02573
1.71027     1.51047     0.0184772
2.20674     1.48113     0.0229752
2.71219     1.43502     0.0328075
3.21309     1.39328     0.05435
3.71516     1.27308     0.0779923
4.38185     1.22145     0.112461
5.41018     1.10557     0.265274
6.43196     1.08558     0.787994
7.44673     1.05627     2.07845
