0.350992     0.940591     0.0254084
0.449613     0.926931     0.0141272
0.549029     0.893002     0.00988286
0.694645     0.892814     0.0049817
0.893893     0.872623     0.00398369
1.11514     0.866487     0.00325756
1.36483     0.857647     0.00333698
1.7106     0.849016     0.00255793
2.20774     0.875473     0.00401653
2.71523     0.933499     0.00646326
3.21772     0.967992     0.0096399
3.72043     0.989624     0.0145559
4.401     0.999583     0.0190596
5.42034     1.00777     0.0434872
6.43576     1.0097     0.0877863
7.44605     1.01132     0.147439
