0.351174     0.926727     0.0302178
0.449777     0.931765     0.0171992
0.54917     0.913343     0.011983
0.695108     0.938457     0.00612505
0.894269     0.917159     0.004756
1.11557     0.896914     0.00376778
1.36511     0.88466     0.00364386
1.71097     0.86863     0.00269313
2.20721     0.855     0.00339628
2.71376     0.876175     0.00522432
3.21531     0.9233     0.00886024
3.71784     0.963336     0.0137432
4.3914     0.988498     0.0178871
5.41499     1.00939     0.0445473
6.43394     1.00606     0.115583
7.44589     1.0197     0.207432
