0.351149     0.951404     0.0278628
0.449755     0.959703     0.0160614
0.549151     0.940243     0.0111102
0.695045     0.91527     0.00566671
0.894213     0.898975     0.0044181
1.11551     0.886341     0.00352298
1.36508     0.86305     0.00340944
1.711     0.854305     0.00255151
2.20731     0.848344     0.00330287
2.71415     0.882268     0.00533264
3.21586     0.926834     0.00866416
3.71845     0.977417     0.0136314
4.39359     0.992439     0.0178029
5.41615     1.0163     0.0439066
6.43427     0.995075     0.093521
7.44573     0.99259     0.162528
