0.351143     1.16043     0.0856118
0.449796     1.22964     0.0480561
0.549182     1.22345     0.0332332
0.695222     1.22335     0.0166166
0.894435     1.20753     0.0124205
1.11558     1.19424     0.00963451
1.365     1.17415     0.00913929
1.71047     1.16353     0.00665249
2.20697     1.10984     0.00802988
2.71264     1.11716     0.0113625
3.21374     1.08512     0.0184802
3.71594     1.0719     0.0291899
4.38469     1.08521     0.0369999
5.41136     1.03535     0.0809294
6.43228     1.04941     0.181408
7.445     0.937042     0.573858
