0.351074     0.919178     0.029283
0.449684     0.930119     0.0167879
0.549089     0.90978     0.0116274
0.694847     0.899174     0.00591024
0.894063     0.884273     0.00464888
1.11534     0.866754     0.00375612
1.36498     0.860359     0.00374881
1.71082     0.851782     0.00283522
2.20756     0.860576     0.00402462
2.71472     0.904888     0.00680246
3.21699     0.959726     0.0105762
3.71964     0.984006     0.0159145
4.39734     1.00353     0.0210853
5.41886     1.00145     0.0479209
6.43371     1.00796     0.105456
7.44658     0.989334     0.198399
