0.350869     0.868636     0.0449137
0.449498     0.867824     0.0252117
0.548924     0.867388     0.0176105
0.69429     0.874376     0.00857026
0.89363     0.855095     0.00701194
1.11481     0.845007     0.00587999
1.3646     0.850478     0.00645648
1.71038     0.852614     0.00497849
2.20803     0.903727     0.00839076
2.71603     0.956203     0.0125681
3.21876     0.986863     0.0184595
3.72152     1.00513     0.0282659
4.40423     1.00258     0.0380338
5.42257     0.996284     0.0845856
6.43556     0.998517     0.1548
7.44195     1.02116     0.329006
