0.351167     1.01958     0.049746
0.449796     1.08596     0.0286445
0.549188     1.0824     0.0195751
0.695179     1.0575     0.00994219
0.894348     1.03945     0.00761382
1.1156     1.00912     0.0059421
1.36506     0.98516     0.00564143
1.7107     0.969176     0.00412239
2.20702     0.949242     0.00502576
2.71309     0.939225     0.00712733
3.21435     0.974749     0.0121212
3.71663     0.993725     0.0192049
4.38708     1.03215     0.0258516
5.4123     1.00077     0.0570483
6.43254     1.00985     0.156703
7.4466     1.0117     0.247365
