0.351176     1.07652     0.0365917
0.449789     0.962114     0.0206395
0.549183     0.957416     0.0143442
0.695156     0.965913     0.00731242
0.894308     0.950942     0.00563916
1.1156     0.937533     0.00442689
1.3651     0.917331     0.00425182
1.7109     0.895632     0.0031119
2.20716     0.879719     0.00385263
2.71343     0.896065     0.00567834
3.21488     0.929075     0.00962859
3.71729     0.974422     0.0151763
4.38916     0.994538     0.0202375
5.41355     1.00187     0.0498914
6.43273     0.998577     0.0929164
7.44552     1.00629     0.208221
