0.351121     0.945375     0.0279657
0.449722     0.931673     0.0157908
0.549121     0.924438     0.0109712
0.694954     0.907309     0.00560555
0.894138     0.883538     0.00439471
1.11544     0.879693     0.00353673
1.36504     0.856606     0.00346147
1.71096     0.844741     0.00259335
2.20745     0.851421     0.00351184
2.71443     0.885895     0.00577811
3.21638     0.950159     0.00937948
3.7191     0.981314     0.0140829
4.39579     0.998965     0.0192136
5.41696     1.00188     0.0433729
6.43514     0.992728     0.0987585
7.44481     1.00253     0.19957
