0.350992     1.62166     0.414631
0.449613     1.46052     0.207946
0.549029     1.73023     0.140943
0.694645     1.60042     0.0594663
0.893893     1.55162     0.0423448
1.11514     1.60437     0.0320102
1.36483     1.52912     0.0301593
1.7106     1.52128     0.0211405
2.20774     1.45285     0.0311747
2.71523     1.26535     0.0400388
3.21772     1.15468     0.0476158
3.72043     1.01934     0.056161
4.401     0.979366     0.0738824
5.42034     1.20494     0.258406
6.43576     0.870947     0.370003
7.44605     1.37998     1.19744
