0.350869     0.571758     0.903107
0.449498     2.34696     0.749407
0.548924     1.20624     0.340124
0.69429     1.73928     0.16866
0.89363     1.65253     0.124737
1.11481     1.34585     0.0878752
1.3646     1.49231     0.0932243
1.71038     1.48566     0.0696707
2.20803     1.30161     0.0960037
2.71603     1.26432     0.119583
3.21876     1.27719     0.159245
3.72152     1.61816     0.329576
4.40423     1.18649     0.317968
5.42257     1.72629     1.08072
6.43556     1.3727     2.03244
7.44195     -3.69451     -10.703
