0.351149     1.71773     0.309089
0.449755     1.78844     0.141388
0.549151     1.7375     0.0888553
0.695045     1.7857     0.0404683
0.894213     1.7266     0.0283971
1.11551     1.69167     0.0202645
1.36508     1.66594     0.0184779
1.711     1.6456     0.0124445
2.20731     1.57009     0.015191
2.71415     1.46616     0.0225971
3.21586     1.28909     0.0295024
3.71845     1.15614     0.0366993
4.39359     1.09514     0.0445757
5.41615     1.19611     0.11719
6.43427     0.948779     0.20488
7.44573     0.938251     0.583435
