0.351167     2.05862     0.317081
0.449796     1.80544     0.174323
0.549188     2.00831     0.10692
0.695179     1.89394     0.0487865
0.894348     1.80715     0.0330793
1.1156     1.85349     0.023406
1.36506     1.81177     0.0207736
1.7107     1.76192     0.0136413
2.20702     1.69899     0.0157222
2.71309     1.58933     0.0210224
3.21435     1.43877     0.0312867
3.71663     1.18575     0.038343
4.38708     1.06948     0.0409369
5.4123     1.07365     0.10091
6.43254     1.02967     0.234843
7.4466     0.869688     0.429564
