0.351074     1.99662     0.376425
0.449684     1.45057     0.181112
0.549089     1.77337     0.123771
0.694847     1.67945     0.0542656
0.894063     1.57316     0.0375914
1.11534     1.68598     0.0278459
1.36498     1.58706     0.0258643
1.71082     1.55776     0.0176543
2.20756     1.49141     0.0236981
2.71472     1.32673     0.0337441
3.21699     1.17416     0.0414599
3.71964     1.13204     0.0547344
4.39734     1.03982     0.0645152
5.41886     1.34349     0.221228
6.43371     0.772486     0.220941
7.44658     0.261691     0.271569
