0.35109     -0.276137     -1.50163
0.449785     1.65861     0.569996
0.549178     1.45543     0.355225
0.695345     1.91944     0.147239
0.894656     2.18432     0.0944396
1.11553     1.89076     0.0641577
1.36491     1.91271     0.0557464
1.71027     1.89173     0.0362505
2.20674     1.85216     0.0410973
2.71219     1.82073     0.0553365
3.21309     1.75401     0.0901703
3.71516     1.4045     0.118365
4.38185     1.1387     0.108352
5.41018     0.890564     0.240765
6.43196     0.783139     0.384264
7.44673     -0.510189     -0.8587
