0.351174     1.50842     0.279573
0.449777     1.89227     0.138261
0.54917     1.76672     0.0870438
0.695108     1.77396     0.038949
0.894269     1.79797     0.0271331
1.11557     1.72952     0.0194536
1.36511     1.70121     0.0174488
1.71097     1.68206     0.0117722
2.20721     1.60442     0.0138731
2.71376     1.501     0.0198041
3.21531     1.27572     0.0263846
3.71784     1.17986     0.0337749
4.3914     1.10067     0.0394763
5.41499     1.1149     0.0947245
6.43394     1.14735     0.259113
7.44589     1.37656     0.975471
