0.351176     1.57052     0.292774
0.449789     2.04459     0.14765
0.549183     1.85372     0.0903769
0.695156     1.85303     0.0414443
0.894308     1.81356     0.0281607
1.1156     1.80371     0.0202031
1.3651     1.75062     0.0179732
1.7109     1.6952     0.011859
2.20716     1.62737     0.0138952
2.71343     1.52752     0.019015
3.21488     1.36574     0.0277218
3.71729     1.17003     0.0338717
4.38916     1.13725     0.0402574
5.41355     1.01609     0.0865415
6.43273     0.8836     0.159447
7.44552     0.998209     0.368769
