0.351143     1.41594     0.480809
0.449796     1.5737     0.250467
0.549182     1.61116     0.149255
0.695222     1.86534     0.0672123
0.894435     1.9423     0.044964
1.11558     1.92918     0.0311877
1.365     1.81652     0.027291
1.71047     1.86579     0.0180249
2.20697     1.7943     0.0205357
2.71264     1.63089     0.0262066
3.21374     1.49215     0.0402685
3.71594     1.2561     0.0489721
4.38469     1.17966     0.058299
5.41136     0.991121     0.113268
6.43228     1.43176     0.344471
7.445     1.43704     1.00468
