0.351121     2.32241     0.368888
0.449722     1.96344     0.165218
0.549121     1.64244     0.100508
0.694954     1.73788     0.0450372
0.894138     1.72205     0.0314162
1.11544     1.68961     0.0229182
1.36504     1.64904     0.0211388
1.71096     1.60534     0.0142695
2.20745     1.5253     0.0179808
2.71443     1.40952     0.0264216
3.21638     1.16086     0.0324132
3.7191     1.1471     0.0430922
4.39579     1.07076     0.0513283
5.41696     0.921667     0.0994137
6.43514     0.706212     0.210133
7.44481     0.847715     1.00493
