0.351167     0.429577     0.807227
0.449796     1.27671     0.391482
0.549188     1.09361     0.229908
0.695179     0.855635     0.0894144
0.894348     0.853016     0.0550265
1.1156     0.809591     0.0352109
1.36506     0.743787     0.0289514
1.7107     0.656843     0.0172843
2.20702     0.661588     0.0183023
2.71309     0.69473     0.0243193
3.21435     0.777919     0.0421176
3.71663     0.850602     0.0709991
4.38708     0.917427     0.0977321
5.4123     1.02829     0.257522
6.43254     0.924356     0.448149
7.4466     1.00981     0.766193
