0.351074     0.102975     1.01894
0.449684     -0.179218     -0.639857
0.549089     0.875358     0.425027
0.694847     0.683787     0.153354
0.894063     0.454493     0.0914081
1.11534     0.627237     0.0658192
1.36498     0.564664     0.0559875
1.71082     0.469915     0.0358494
2.20756     0.517947     0.0450975
2.71472     0.608961     0.0872027
3.21699     0.761154     0.127558
3.71964     0.882749     0.263021
4.39734     0.767554     0.358528
5.41886     0.956905     0.460985
6.43371     5.84856     166.891
7.44658     1.06292     1.03942
