0.351174     -0.136555     -1.05473
0.449777     1.68949     0.422829
0.54917     0.688099     0.216679
0.695108     0.691047     0.0915032
0.894269     0.647784     0.0553195
1.11557     0.645609     0.0368068
1.36511     0.60005     0.030688
1.71097     0.59566     0.0188423
2.20721     0.587447     0.0212937
2.71376     0.642662     0.0303546
3.21531     0.708611     0.0539271
3.71784     0.866136     0.102469
4.3914     0.930577     0.117267
5.41499     0.939694     0.376988
6.43394     0.678945     1.77057
7.44589     1.08615     2.90897
