0.351176     0.455293     0.985289
0.449789     1.62211     0.398522
0.549183     0.899028     0.227245
0.695156     0.898037     0.0913695
0.894308     0.814575     0.0561422
1.1156     0.705871     0.0361908
1.3651     0.759743     0.0299503
1.7109     0.697668     0.017998
2.20716     0.668664     0.0193383
2.71343     0.686849     0.0262474
3.21488     0.767594     0.0460939
3.71729     0.863379     0.0805965
4.38916     1.01199     0.13181
5.41355     0.912813     0.365497
6.43273     1.03109     0.873345
7.44552     1.06902     1.14909
