0.351121     0.0859223     0.841505
0.449722     -0.886015     -0.563705
0.549121     0.274489     0.294455
0.694954     0.607569     0.125485
0.894138     0.543025     0.0758343
1.11544     0.496943     0.0496861
1.36504     0.48813     0.0423301
1.71096     0.510046     0.0271747
2.20745     0.544795     0.0329134
2.71443     0.684381     0.0536213
3.21638     0.785546     0.0985632
3.7191     0.846593     0.183305
4.39579     0.965862     0.195547
5.41696     0.84971     0.646102
6.43514     1.36514     5.00263
7.44481     1.03687     1.03855
