0.35109     -0.965445     -1.78634
0.449785     0.910845     0.668584
0.549178     0.920285     0.346434
0.695345     0.774888     0.13146
0.894656     0.828121     0.0756391
1.11553     0.899494     0.0464755
1.36491     0.75128     0.0373569
1.71027     0.752422     0.0223657
2.20674     0.708912     0.0232657
2.71219     0.727534     0.0292927
3.21309     0.795742     0.0442865
3.71516     0.876489     0.0813515
4.38185     0.954013     0.117817
5.41018     0.940455     0.282218
6.43196     1.09879     1.15503
7.44673     1.02686     0.981603
