0.351174     1.26398     0.681439
0.449777     0.55398     0.29394
0.54917     0.661502     0.167572
0.695108     0.767841     0.0670416
0.894269     0.68909     0.0415015
1.11557     0.620253     0.0270392
1.36511     0.64912     0.0224869
1.71097     0.662633     0.0137115
2.20721     0.651034     0.0153411
2.71376     0.688016     0.0225424
3.21531     0.786669     0.041662
3.71784     0.868175     0.0629217
4.3914     0.90095     0.0881618
5.41499     0.907298     0.22654
6.43394     0.408719     1.41347
7.44589     -3.16837     -55.8917
