0.350869     1.05054     6.3767
0.449498     -0.90208     -0.997064
0.548924     2.4016     3.21124
0.69429     0.572961     0.710311
0.89363     0.0244843     0.411513
1.11481     0.590478     0.323315
1.3646     0.487669     0.388078
1.71038     0.412885     0.195465
2.20803     0.369425     0.371905
2.71603     0.931256     0.432548
3.21876     0.956367     1.80942
3.72152     0.843113     0.446494
4.40423     1.47571     2.75186
5.42257     1.06646     2.2057
6.43556     0.40945     5.30783
7.44195     1.04621     3.08244
