0.351074     0.794469     0.537634
0.449684     0.963142     0.231174
0.549089     0.760652     0.132537
0.694847     0.694424     0.0530239
0.894063     0.619587     0.032949
1.11534     0.630032     0.0220858
1.36498     0.629393     0.0191397
1.71082     0.62632     0.0122455
2.20756     0.61363     0.0156995
2.71472     0.726263     0.0279379
3.21699     0.835506     0.045548
3.71964     0.937641     0.0753439
4.39734     0.995101     0.113793
5.41886     1.24363     0.337117
6.43371     0.844525     1.07941
7.44658     0.777835     1.1808
