0.350992     -23.2545     -136.823
0.449613     -0.34333     -0.950651
0.549029     1.20818     0.434874
0.694645     0.282575     0.197585
0.893893     0.2698     0.133451
1.11514     0.398773     0.0841156
1.36483     0.472401     0.0725669
1.7106     0.38036     0.0475167
2.20774     0.51001     0.0690447
2.71523     0.608356     0.122357
3.21772     0.761385     0.211967
3.72043     0.92977     0.462501
4.401     0.939456     0.31284
5.42034     0.942982     0.619308
6.43576     0.949629     1.3704
7.44605     0.942621     0.799184
