0.350992     0.495143     0.473654
0.449613     0.866827     0.195484
0.549029     0.791738     0.111115
0.694645     0.635461     0.0444841
0.893893     0.690445     0.0282156
1.11514     0.596248     0.0193036
1.36483     0.61588     0.0174425
1.7106     0.587718     0.0113947
2.20774     0.636658     0.0165727
2.71523     0.762637     0.0279295
3.21772     0.897748     0.0464558
3.72043     0.889249     0.0677685
4.401     0.960899     0.113385
5.42034     0.899424     0.228167
6.43576     1.00429     0.68069
7.44605     1.4737     1.53103
