0.351121     0.184211     0.527478
0.449722     0.696109     0.227843
0.549121     0.858575     0.130248
0.694954     0.679455     0.0522907
0.894138     0.718842     0.0325209
1.11544     0.659604     0.021663
1.36504     0.647099     0.0184405
1.71096     0.595942     0.0114409
2.20745     0.640553     0.014056
2.71443     0.688632     0.0225248
3.21638     0.842625     0.0407215
3.7191     0.871643     0.0646601
4.39579     0.997499     0.102546
5.41696     1.01123     0.199028
6.43514     0.982978     0.725528
7.44481     1.20549     2.03049
