0.351143     0.673436     3.02651
0.449796     3.43701     1.36282
0.549182     1.23471     0.822964
0.695222     1.12901     0.319632
0.894435     1.21527     0.185159
1.11558     1.08905     0.119271
1.365     0.911637     0.0949182
1.71047     0.974645     0.0579145
2.20697     0.945098     0.0583728
2.71264     0.845533     0.0748995
3.21374     0.896961     0.115497
3.71594     0.668703     0.169325
4.38469     0.874804     0.217021
5.41136     1.34592     1.57408
6.43228     0.991666     1.18549
7.445     0.391235     1.46631
