0.35109     31.0675     18.9287
0.449785     -10.0284     -6.49822
0.549178     -1.64696     -3.09998
0.695345     0.910471     1.37589
0.894656     1.95237     0.786374
1.11553     1.51814     0.473669
1.36491     1.49574     0.37984
1.71027     1.17126     0.2317
2.20674     1.23425     0.240589
2.71219     1.0837     0.273461
3.21309     1.3614     0.390343
3.71516     1.85084     1.09999
4.38185     1.27562     0.927867
5.41018     0.75367     1.27916
6.43196     -2.0185     -11.9936
7.44673     5.95503     52.7184
