0.350869     0.184492     1.22822
0.449498     0.19003     0.360079
0.548924     0.774979     0.212599
0.69429     0.692262     0.0884694
0.89363     0.544107     0.0557663
1.11481     0.663143     0.0408786
1.3646     0.618338     0.0387285
1.71038     0.562916     0.025443
2.20803     0.672726     0.0448363
2.71603     0.882356     0.0811522
3.21876     0.963678     0.137576
3.72152     0.92275     0.151817
4.40423     0.809351     0.207511
5.42257     1.64643     1.19417
6.43556     5.54187     26.6339
7.44195     -1.56776     -9.37467
