0.351143     1.81002     0.955935
0.449796     0.844637     0.430612
0.549182     1.25061     0.244184
0.695222     0.828127     0.096376
0.894435     0.781259     0.0571099
1.11558     0.727535     0.0364028
1.365     0.770728     0.0295508
1.71047     0.738883     0.0178163
2.20697     0.717294     0.0187489
2.71264     0.696289     0.0243228
3.21374     0.735319     0.0380201
3.71594     0.810335     0.0632737
4.38469     0.963996     0.0924636
5.41136     1.05625     0.219825
6.43228     0.993223     0.441846
7.445     1.1366     0.949209
