0.351176     -0.186665     -0.814725
0.449789     1.08426     0.368204
0.549183     0.604034     0.215865
0.695156     0.848078     0.0861408
0.894308     0.76254     0.0525496
1.1156     0.699434     0.0347774
1.3651     0.680951     0.0286096
1.7109     0.678195     0.0174354
2.20716     0.650431     0.0192971
2.71343     0.629246     0.0259282
3.21488     0.734715     0.0434123
3.71729     0.928102     0.077448
4.38916     0.966225     0.104332
5.41355     1.00276     0.371564
6.43273     0.963774     0.732749
7.44552     1.0609     1.30479
