0.351167     2.98191     1.53168
0.449796     1.30993     0.673135
0.549188     0.953943     0.358784
0.695179     1.07359     0.148972
0.894348     0.897763     0.0903329
1.1156     0.823969     0.0580494
1.36506     0.721328     0.0467571
1.7107     0.713299     0.0281834
2.20702     0.648808     0.0292832
2.71309     0.735939     0.0389821
3.21435     0.814232     0.0617455
3.71663     0.818574     0.109464
4.38708     0.98944     0.164936
5.4123     0.809571     0.246037
6.43254     0.735888     2.20148
7.4466     0.427925     0.88143
