0.351149     -0.27032     -1.09657
0.449755     0.97129     0.441656
0.549151     0.897031     0.272199
0.695045     0.598395     0.101076
0.894213     0.596946     0.0640256
1.11551     0.601129     0.0416253
1.36508     0.593547     0.035627
1.711     0.580348     0.0218336
2.20731     0.580735     0.0247628
2.71415     0.637017     0.0365105
3.21586     0.808636     0.0774496
3.71845     0.90445     0.102439
4.39359     1.00951     0.156982
5.41615     0.984347     0.436591
6.43427     0.941594     0.522617
7.44573     1.60914     7.70183
