0.351149     0.758489     0.555474
0.449755     1.1109     0.251696
0.549151     1.00789     0.139297
0.695045     0.6799     0.0567688
0.894213     0.732817     0.035015
1.11551     0.671008     0.0230131
1.36508     0.633697     0.0192497
1.711     0.60541     0.0118622
2.20731     0.621464     0.013729
2.71415     0.652875     0.0212434
3.21586     0.770107     0.0367488
3.71845     0.917439     0.0653715
4.39359     0.917011     0.0865999
5.41615     0.865845     0.262129
6.43427     0.936885     0.585082
7.44573     1.0883     0.64352
