0.351074     14.7675     28.4041
0.449684     -0.393461     -3.3672
0.549089     0.402702     1.64938
0.694847     1.78645     0.571386
0.894063     1.56432     0.335849
1.11534     1.31954     0.197798
1.36498     1.4003     0.162555
1.71082     1.22153     0.0950885
2.20756     1.35094     0.111683
2.71472     1.36768     0.174197
3.21699     1.13019     0.182494
3.71964     1.19123     0.260253
4.39734     1.17455     0.588687
5.41886     1.05025     0.801879
6.43371     8.44737     515.042
7.44658     0.91747     2.09865
