0.350869     1.86904     4.26208
0.449498     5.27155     19.7052
0.548924     4.24471     9.68221
0.69429     0.122994     1.86848
0.89363     2.48603     1.93916
1.11481     0.267506     0.645046
1.3646     0.454366     0.665472
1.71038     0.893384     0.485886
2.20803     0.847313     0.606096
2.71603     0.597803     0.593492
3.21876     0.934561     0.559595
3.72152     1.20594     5.33428
4.40423     0.790249     2.4596
5.42257     -1.01894     -109.81
6.43556     0.905801     1.85867
7.44195     -0.342068     -34.9208
