0.350992     -0.920956     -5.6446
0.449613     -2.36267     -4.16795
0.549029     0.953043     1.59368
0.694645     0.669138     0.665975
0.893893     1.03211     0.375083
1.11514     1.3845     0.245322
1.36483     1.23146     0.188613
1.7106     1.17838     0.113973
2.20774     1.05787     0.135927
2.71523     1.13694     0.194594
3.21772     1.03796     0.292743
3.72043     1.07569     0.387259
4.401     1.14762     0.714141
5.42034     2.64335     16.3183
6.43576     0.808778     1.88172
7.44605     1.16721     3.16426
