0.351149     10.7484     12.6578
0.449755     -1.37033     -2.43169
0.549151     3.73683     1.29749
0.695045     1.63551     0.473205
0.894213     1.89742     0.266212
1.11551     1.72217     0.163637
1.36508     1.39267     0.123169
1.711     1.6019     0.0732166
2.20731     1.38834     0.073466
2.71415     1.21907     0.0921743
3.21586     1.13519     0.126471
3.71845     1.14826     0.210376
4.39359     1.12441     0.208948
5.41615     0.927675     0.652479
6.43427     0.946198     0.966697
7.44573     0.907961     2.24268
