0.351174     -9.43433     -8.90209
0.449777     5.61156     2.51439
0.54917     -0.699249     -1.49741
0.695108     1.7168     0.516857
0.894269     1.81473     0.277522
1.11557     1.36545     0.165755
1.36511     1.6505     0.128695
1.71097     1.64987     0.075349
2.20721     1.46272     0.0718448
2.71376     1.5125     0.0886099
3.21531     1.25073     0.140754
3.71784     1.10887     0.174423
4.3914     1.02212     0.187105
5.41499     1.05399     0.388623
6.43394     1.34739     1.38376
7.44589     -0.241019     -25.171
