0.351167     -15.0447     -10.6547
0.449796     6.67546     4.31387
0.549188     2.1369     2.35856
0.695179     0.946398     0.878917
0.894348     1.34758     0.469694
1.1156     1.65264     0.275573
1.36506     1.7443     0.212696
1.7107     1.69818     0.117782
2.20702     1.56426     0.11207
2.71309     1.49601     0.128556
3.21435     1.6511     0.232631
3.71663     1.28946     0.225859
4.38708     1.27664     0.354889
5.4123     0.870396     0.567487
6.43254     -2.43793     -87.7255
7.4466     1.06233     1.21482
