0.351121     1.97965     10.2251
0.449722     0.177255     2.78622
0.549121     2.78324     1.45896
0.694954     1.74618     0.510228
0.894138     1.88703     0.287092
1.11544     1.6755     0.171923
1.36504     1.38832     0.130607
1.71096     1.39294     0.0798659
2.20745     1.46963     0.086292
2.71443     1.41922     0.129718
3.21638     1.12494     0.163579
3.7191     1.08725     0.195616
4.39579     0.983995     0.292054
5.41696     1.07663     0.432337
6.43514     0.929326     0.538868
7.44481     25.5665     4133.13
