0.351143     -35.5518     -31.0174
0.449796     4.75205     7.26474
0.549182     2.25384     4.57419
0.695222     3.4288     1.59684
0.894435     0.813986     0.821902
1.11558     1.8284     0.480703
1.365     1.91818     0.364847
1.71047     2.18981     0.206414
2.20697     2.0151     0.188879
2.71264     1.75161     0.228116
3.21374     1.62495     0.324595
3.71594     1.01377     0.25893
4.38469     1.19441     0.357911
5.41136     0.955924     2.45156
6.43228     2.02559     25.9193
7.445     1.02277     2.42586
