0.351176     10.8249     8.73691
0.449789     2.5691     3.45949
0.549183     2.2973     1.57264
0.695156     2.1704     0.610849
0.894308     1.49004     0.331211
1.1156     1.49855     0.198407
1.3651     1.61763     0.152302
1.7109     1.46685     0.0848046
2.20716     1.51478     0.0826364
2.71343     1.33362     0.100243
3.21488     1.55921     0.178485
3.71729     1.0503     0.151276
4.38916     1.06189     0.300872
5.41355     1.42753     0.955192
6.43273     1.00185     0.575505
7.44552     0.698779     7.05405
