0.35109     -42.6109     -76.8984
0.449785     -24.3531     -59.2521
0.549178     14.1649     13.6163
0.695345     4.77392     5.59414
0.894656     9.75471     2.85558
1.11553     -1.87314     -1.54703
1.36491     2.03657     1.22429
1.71027     1.85397     0.670293
2.20674     1.92612     0.595508
2.71219     3.40853     0.745634
3.21309     1.522     0.672624
3.71516     5.35508     14.7449
4.38185     4.19315     18.3674
5.41018     -2.00094     -15.1109
6.43196     0.867136     1.16453
7.44673     0.908022     1.65788
