0.351176     0.000308767     1.07835e-05
0.449789     0.00060467     1.0723e-05
0.549183     0.00101617     1.19046e-05
0.695156     0.00172736     8.9494e-06
0.894308     0.00299376     1.28408e-05
1.1156     0.00458619     1.64434e-05
1.3651     0.00658645     2.46952e-05
1.7109     0.00963292     2.70184e-05
2.20716     0.0146536     5.9614e-05
2.71343     0.0201377     0.000152423
3.21488     0.0263486     0.00038722
3.71729     0.0319224     0.000672505
4.38916     0.0313943     0.000809666
5.41355     0.0245382     0.00147765
6.43273     0.0196301     0.00233889
7.44552     0.0128881     0.00335652
