0.351074     0.000533829     3.46846e-05
0.449684     0.00105824     3.47949e-05
0.549089     0.00164294     3.86767e-05
0.694847     0.00289228     2.81069e-05
0.894063     0.00499144     4.06339e-05
1.11534     0.00760395     5.17661e-05
1.36498     0.0106957     7.98568e-05
1.71082     0.0151451     8.28984e-05
2.20756     0.0221044     0.00021405
2.71472     0.0304083     0.000557187
3.21699     0.037021     0.000955068
3.71964     0.0396899     0.00141326
4.39734     0.0367444     0.0016186
5.41886     0.0213851     0.00281876
6.43371     0.0250488     0.00436482
7.44658     0.02384     0.00623348
