0.35109     5.47992e-05     7.21106e-06
0.449785     0.000142833     6.96609e-06
0.549178     0.000235386     7.53189e-06
0.695345     0.000447609     5.12897e-06
0.894656     0.000812468     7.25669e-06
1.11553     0.00128999     9.0509e-06
1.36491     0.00188225     1.4149e-05
1.71027     0.00276715     1.46102e-05
2.20674     0.00432483     3.58346e-05
2.71219     0.00587846     9.32006e-05
3.21309     0.0076443     0.000285786
3.71516     0.00977783     0.00062908
4.38185     0.0118919     0.0008105
5.41018     0.00879504     0.0015605
6.43196     0.00832165     0.00250505
7.44673     0.00470766     0.0035954
