0.351149     0.000402223     1.79109e-05
0.449755     0.00086114     1.79067e-05
0.549151     0.00141989     2.0008e-05
0.695045     0.00243248     1.49492e-05
0.894213     0.00411039     2.15002e-05
1.11551     0.00636725     2.74751e-05
1.36508     0.00903941     4.14573e-05
1.711     0.0130238     4.44606e-05
2.20731     0.0194599     0.000101048
2.71415     0.0263215     0.000278678
3.21586     0.0341157     0.000577209
3.71845     0.0387444     0.000903151
4.39359     0.0359882     0.00105793
5.41615     0.0250952     0.00187402
6.43427     0.019879     0.00295313
7.44573     0.00990132     0.00420867
