0.351167     0.000261422     8.80255e-06
0.449796     0.000461614     8.72255e-06
0.549188     0.000779797     9.62886e-06
0.695179     0.00133272     7.15062e-06
0.894348     0.00229638     1.02378e-05
1.1156     0.00356501     1.31223e-05
1.36506     0.00511631     1.97566e-05
1.7107     0.00750223     2.15741e-05
2.20702     0.0115667     4.82163e-05
2.71309     0.0158857     0.000120428
3.21435     0.0211375     0.000330228
3.71663     0.0261964     0.000612729
4.38708     0.0280522     0.000754565
5.4123     0.0205356     0.00139787
6.43254     0.0136191     0.00221443
7.4466     0.00987319     0.00319058
