0.351121     0.000429642     2.44987e-05
0.449722     0.000924484     2.44939e-05
0.549121     0.00155861     2.73434e-05
0.694954     0.0027097     2.01859e-05
0.894138     0.00464882     2.91186e-05
1.11544     0.00707999     3.70878e-05
1.36504     0.00999339     5.63494e-05
1.71096     0.014302     5.96577e-05
2.20745     0.0212786     0.000142725
2.71443     0.0294006     0.000391744
3.21638     0.0366504     0.00073314
3.7191     0.0400783     0.00110879
4.39579     0.0372742     0.00128197
5.41696     0.0310892     0.00225837
6.43514     0.0205844     0.00352403
7.44481     0.00656836     0.00504201
