0.350992     0.000541985     4.75484e-05
0.449613     0.00105303     4.7361e-05
0.549029     0.0016689     5.32084e-05
0.694645     0.00301249     3.70416e-05
0.893893     0.00515595     5.41251e-05
1.11514     0.00774295     6.89632e-05
1.36483     0.0110591     0.000111292
1.7106     0.0152634     0.000111827
2.20774     0.0223431     0.00033236
2.71523     0.029654     0.000693006
3.21772     0.0353325     0.00107392
3.72043     0.0397921     0.00154535
4.401     0.0334312     0.00174481
5.42034     0.0181692     0.00299044
6.43576     0.0166372     0.00463333
7.44605     0.00943331     0.00662417
