0.351143     0.000158221     7.38051e-06
0.449796     0.000297742     7.23378e-06
0.549182     0.000515539     7.94421e-06
0.695222     0.000899324     5.72271e-06
0.894435     0.00157046     8.15376e-06
1.11558     0.00247403     1.04324e-05
1.365     0.00356968     1.57334e-05
1.71047     0.00521989     1.70311e-05
2.20697     0.00812689     3.92395e-05
2.71264     0.01147     9.82356e-05
3.21374     0.0150587     0.00028573
3.71594     0.0200285     0.000574397
4.38469     0.0199326     0.00072111
5.41136     0.0171238     0.00136079
6.43228     0.011026     0.00216795
7.445     0.00546938     0.00313881
