0.350869     0.000568679     0.00015758
0.449498     0.000832548     0.000158102
0.548924     0.00167714     0.00017885
0.69429     0.00270446     0.000114597
0.89363     0.00461175     0.00017443
1.11481     0.00725177     0.000228652
1.3646     0.0103544     0.000413084
1.71038     0.0133184     0.000398915
2.20803     0.0192174     0.00103925
2.71603     0.0239829     0.00173066
3.21876     0.0261601     0.00253901
3.72152     0.0208638     0.00359903
4.40423     0.0196695     0.0040105
5.42257     0.012581     0.00681014
6.43556     0.0087751     0.0104719
7.44195     -0.00540347     -0.0151083
