0.351174     0.000371604     1.36798e-05
0.449777     0.00074133     1.36442e-05
0.54917     0.00121229     1.52146e-05
0.695108     0.00211404     1.14534e-05
0.894269     0.00359676     1.64591e-05
1.11557     0.00551782     2.10541e-05
1.36511     0.00790962     3.16098e-05
1.71097     0.0113616     3.42581e-05
2.20721     0.0173245     7.62716e-05
2.71376     0.0235852     0.000202227
3.21531     0.0314283     0.000468096
3.71784     0.0363397     0.000765978
4.3914     0.0351553     0.000909896
5.41499     0.0260259     0.00163552
6.43394     0.0151868     0.00257751
7.44589     0.00643096     0.00368004
