0.351174     1.51721e-05     3.49773e-06
0.449777     5.15295e-05     3.54906e-06
0.54917     8.83222e-05     4.22843e-06
0.695108     0.00019973     2.89785e-06
0.894269     0.000433695     4.94791e-06
1.11557     0.000788174     7.14973e-06
1.36511     0.00128552     1.28274e-05
1.71097     0.00208486     1.43559e-05
2.20721     0.0038142     4.55675e-05
2.71376     0.00614043     0.000196921
3.21531     0.00724995     0.000560901
3.71784     0.00869337     0.00096489
4.3914     0.00917505     0.00115623
5.41499     0.0079774     0.00211153
6.43394     0.00405815     0.00333625
7.44589     -0.000196002     -0.00477821
