0.350869     -0.000222604     -0.000142406
0.449498     5.97554e-05     0.000142645
0.548924     0.000123875     0.000171979
0.69429     0.000398331     8.47452e-05
0.89363     0.000509315     0.000161854
1.11481     0.00157439     0.00024391
1.3646     0.00206826     0.000572375
1.71038     0.00285063     0.000535995
2.20803     0.00445103     0.00173543
2.71603     0.00637908     0.00301878
3.21876     0.0112675     0.00450839
3.72152     0.00190724     0.00643961
4.40423     -0.00375174     -0.00716245
5.42257     -0.00015862     -0.0121609
6.43556     0.0138695     0.0190848
7.44195     -0.000824275     -0.027185
