0.350992     5.69695e-05     2.49766e-05
0.449613     7.73336e-05     2.45347e-05
0.549029     0.000207817     3.00677e-05
0.694645     0.000388508     1.76882e-05
0.893893     0.00082561     3.07406e-05
1.11514     0.00140408     4.42888e-05
1.36483     0.00239927     9.09611e-05
1.7106     0.00378801     8.90105e-05
2.20774     0.00650709     0.000422399
2.71523     0.00854332     0.000997372
3.21772     0.00818135     0.00159583
3.72043     0.00896214     0.00232147
4.401     0.00568693     0.00263363
5.42034     -0.000790169     -0.00455677
6.43576     -0.00482852     -0.00704675
7.44605     0.00489649     0.0100727
