0.351121     1.94175e-05     7.89326e-06
0.449722     6.95693e-05     8.06439e-06
0.549121     0.000138753     9.65522e-06
0.694954     0.000306638     6.39013e-06
0.894138     0.000644204     1.10657e-05
1.11544     0.00117362     1.57437e-05
1.36504     0.00196662     2.87271e-05
1.71096     0.00306488     3.0822e-05
2.20745     0.00520808     0.000111958
2.71443     0.00749355     0.000454613
3.21638     0.00933394     0.000935882
3.7191     0.0114303     0.00146468
4.39579     0.00838857     0.00169936
5.41696     0.0103573     0.00302548
6.43514     0.0120186     0.00472859
7.44481     4.18081e-05     0.00675359
