0.351143     3.69216e-06     1.44833e-06
0.449796     1.37769e-05     1.46381e-06
0.549182     2.25102e-05     1.67056e-06
0.695222     5.04724e-05     1.06776e-06
0.894435     0.000113466     1.90476e-06
1.11558     0.000209979     2.59265e-06
1.365     0.000347815     4.71845e-06
1.71047     0.00058186     5.30188e-06
2.20697     0.00109616     1.75855e-05
2.71264     0.00160716     7.20804e-05
3.21374     0.00245068     0.000332252
3.71594     0.00455313     0.000747339
4.38469     0.00437874     0.000954576
5.41136     0.00105722     0.00184356
6.43228     -0.000257146     -0.00294385
7.445     0.00250709     0.00424143
