0.351176     1.34237e-05     2.48202e-06
0.449789     3.23349e-05     2.52008e-06
0.549183     7.32299e-05     2.9761e-06
0.695156     0.000147035     2.03678e-06
0.894308     0.000316161     3.46209e-06
1.1156     0.000571339     4.99593e-06
1.3651     0.000936557     9.00174e-06
1.7109     0.00159184     1.01776e-05
2.20716     0.00283658     3.19531e-05
2.71343     0.00428704     0.000134768
3.21488     0.00536314     0.000451958
3.71729     0.00859967     0.000839015
4.38916     0.0051932     0.00102558
5.41355     0.00350067     0.00190301
6.43273     0.00744851     0.00301347
7.44552     -0.000755736     -0.00435736
