0.351167     1.02461e-05     1.85635e-06
0.449796     2.40449e-05     1.85454e-06
0.549188     4.49812e-05     2.18368e-06
0.695179     9.45722e-05     1.46825e-06
0.894348     0.000205262     2.52052e-06
1.1156     0.0003786     3.61053e-06
1.36506     0.000616612     6.49619e-06
1.7107     0.00105331     7.29413e-06
2.20702     0.00190868     2.36433e-05
2.71309     0.00299036     9.68855e-05
3.21435     0.0037283     0.000379698
3.71663     0.00597676     0.000774365
4.38708     0.00460005     0.000965458
5.4123     0.00433285     0.00182522
6.43254     -8.77179e-05     -0.00291557
7.4466     -0.00504462     -0.0041887
