0.35109     1.74631e-06     1.37233e-06
0.449785     2.07463e-06     1.333e-06
0.549178     9.11751e-06     1.51915e-06
0.695345     1.71993e-05     8.74643e-07
0.894656     3.91594e-05     1.46128e-06
1.11553     7.71046e-05     2.09901e-06
1.36491     0.000122127     4.8912e-06
1.71027     0.000210991     4.07939e-06
2.20674     0.000410674     1.53344e-05
2.71219     0.000624613     6.56512e-05
3.21309     0.00130101     0.000347502
3.71516     0.000327877     0.000879101
4.38185     0.000273816     0.00115688
5.41018     -0.000341496     -0.00229158
6.43196     0.00421417     0.00368378
7.44673     -0.00434495     -0.00531517
