0.351149     1.31999e-05     5.15338e-06
0.449755     6.33286e-05     5.21437e-06
0.549151     0.00012382     6.25599e-06
0.695045     0.000262748     4.26316e-06
0.894213     0.000546893     7.24986e-06
1.11551     0.000968745     1.03764e-05
1.36508     0.00162788     1.88618e-05
1.711     0.00261364     2.07085e-05
2.20731     0.00461403     6.92724e-05
2.71415     0.00727556     0.000298723
3.21586     0.00948771     0.000712543
3.71845     0.00875799     0.0011638
4.39359     0.0101639     0.00137203
5.41615     0.00519991     0.00246296
6.43427     0.0055219     0.00386231
7.44573     0.00334061     0.00553624
