0.351074     1.13674e-05     1.28655e-05
0.449684     7.60958e-05     1.32515e-05
0.549089     0.000161556     1.58916e-05
0.694847     0.000364214     1.01438e-05
0.894063     0.00073254     1.76062e-05
1.11534     0.00136309     2.50021e-05
1.36498     0.00213587     4.68262e-05
1.71082     0.00347003     4.91345e-05
2.20756     0.00567439     0.00020037
2.71472     0.00787475     0.000699232
3.21699     0.0112499     0.0012823
3.71964     0.0118271     0.00193399
4.39734     0.00595079     0.00223055
5.41886     0.00708699     0.00389433
6.43371     0.000100312     0.00607324
7.44658     0.00563244     0.00869941
