0.351174     0.00195432     1.20118e-05
0.449777     0.00335984     1.26916e-05
0.54917     0.004998     1.47178e-05
0.695108     0.00774146     1.32131e-05
0.894269     0.0118805     1.90909e-05
1.11557     0.016681     2.47826e-05
1.36511     0.0220866     3.50767e-05
1.71097     0.029696     4.01206e-05
2.20721     0.0401596     7.4477e-05
2.71376     0.0468334     0.000155215
3.21531     0.0483185     0.000298258
3.71784     0.0471667     0.000458483
4.3914     0.0427318     0.00053673
5.41499     0.0302029     0.000943531
6.43394     0.0181685     0.00147857
7.44589     0.0145043     0.00210524
