0.351149     0.00237536     1.47271e-05
0.449755     0.00404318     1.5598e-05
0.549151     0.00607159     1.8158e-05
0.695045     0.00941694     1.6214e-05
0.894213     0.0144329     2.34417e-05
1.11551     0.0202648     3.0431e-05
1.36508     0.0268007     4.31427e-05
1.711     0.035702     4.90356e-05
2.20731     0.0475256     9.12487e-05
2.71415     0.0538326     0.000190704
3.21586     0.0556355     0.000340629
3.71845     0.0526701     0.000506646
4.39359     0.0468887     0.000586657
5.41615     0.0332462     0.00102083
6.43427     0.0240549     0.00159282
7.44573     0.0197905     0.00228136
