0.35109     0.000219408     7.1733e-06
0.449785     0.000387724     7.13429e-06
0.549178     0.000591852     7.85497e-06
0.695345     0.000929965     5.86207e-06
0.894656     0.00150203     8.28932e-06
1.11553     0.00218266     1.05452e-05
1.36491     0.00288187     1.56658e-05
1.71027     0.00393342     1.66561e-05
2.20674     0.00555499     3.70745e-05
2.71219     0.00700218     8.92642e-05
3.21309     0.00843856     0.000234598
3.71516     0.00990729     0.000458954
4.38185     0.00827849     0.000575956
5.41018     0.00603637     0.00106787
6.43196     0.00318938     0.0016992
7.44673     0.00170405     0.00243186
