0.351143     0.000581023     7.24536e-06
0.449796     0.00101229     7.36615e-06
0.549182     0.0015108     8.30064e-06
0.695222     0.00238159     6.88485e-06
0.894435     0.003753     9.95174e-06
1.11558     0.00534367     1.27994e-05
1.365     0.00716888     1.84507e-05
1.71047     0.00973567     2.06892e-05
2.20697     0.0138274     4.16531e-05
2.71264     0.0172338     9.16201e-05
3.21374     0.0199445     0.000220907
3.71594     0.0208031     0.00039929
4.38469     0.0199808     0.000489976
5.41136     0.0159796     0.000893373
6.43228     0.011339     0.00141635
7.445     0.00486114     0.00203367
