0.350869     0.00327971     5.92984e-05
0.449498     0.00580691     6.04092e-05
0.548924     0.00885475     6.90603e-05
0.69429     0.0140448     4.98908e-05
0.89363     0.0214465     7.39898e-05
1.11481     0.0293269     9.47303e-05
1.3646     0.0372714     0.000150909
1.71038     0.0472019     0.00015151
2.20803     0.0536205     0.000319601
2.71603     0.0560197     0.0005026
3.21876     0.055376     0.000724127
3.72152     0.0512086     0.00101852
4.40423     0.0420975     0.0011283
5.42257     0.0316606     0.00189551
6.43556     0.0267071     0.0029246
7.44195     0.018219     0.00419299
