0.350992     0.00328162     2.60391e-05
0.449613     0.00582617     2.69842e-05
0.549029     0.008749     3.11526e-05
0.694645     0.0136365     2.52493e-05
0.893893     0.0208335     3.67163e-05
1.11514     0.0288353     4.70114e-05
1.36483     0.0372991     6.93838e-05
1.7106     0.0479542     7.36514e-05
2.20774     0.0587417     0.00016009
2.71523     0.0627433     0.000287857
3.21772     0.0621778     0.000426232
3.72043     0.0585052     0.000602444
4.401     0.0505847     0.000679131
5.42034     0.0376175     0.00115064
6.43576     0.0287678     0.00177592
7.44605     0.0244318     0.00253172
