0.351167     0.00103066     8.38736e-06
0.449796     0.0017526     8.73804e-06
0.549188     0.00264901     1.00449e-05
0.695179     0.00411242     8.74398e-06
0.894348     0.00635024     1.25586e-05
1.1156     0.00899709     1.63088e-05
1.36506     0.0120507     2.33251e-05
1.7107     0.0163457     2.65853e-05
2.20702     0.022872     5.11256e-05
2.71309     0.0281072     0.000108075
3.21435     0.0306101     0.000240563
3.71663     0.0308654     0.000407629
4.38708     0.0278198     0.000491058
5.4123     0.0220625     0.000884994
6.43254     0.0126929     0.00139674
7.4466     0.0115073     0.00199952
