0.351121     0.00271446     1.85299e-05
0.449722     0.00471734     1.95698e-05
0.549121     0.00708176     2.27468e-05
0.694954     0.0109513     2.00064e-05
0.894138     0.0167936     2.9012e-05
1.11544     0.0234323     3.74899e-05
1.36504     0.0307756     5.31415e-05
1.71096     0.0408847     5.97925e-05
2.20745     0.0531091     0.000113926
2.71443     0.0595011     0.000236871
3.21638     0.0594161     0.000393572
3.7191     0.0575773     0.000573031
4.39579     0.0487927     0.000658088
5.41696     0.0372118     0.00113747
6.43514     0.0251718     0.00176244
7.44481     0.0178925     0.00252058
