0.351176     0.00148429     9.90391e-06
0.449789     0.00255772     1.04217e-05
0.549183     0.00381334     1.20416e-05
0.695156     0.00592343     1.07312e-05
0.894308     0.009089     1.54465e-05
1.1156     0.0128716     2.01331e-05
1.3651     0.017049     2.85128e-05
1.7109     0.0231105     3.27856e-05
2.20716     0.0318272     6.14734e-05
2.71343     0.0381015     0.000127853
3.21488     0.0404338     0.000264755
3.71729     0.0400248     0.000424921
4.38916     0.0356392     0.000503336
5.41355     0.0255094     0.000895303
6.43273     0.0214136     0.00140537
7.44552     0.013724     0.00201243
