0.351074     0.00304119     2.38359e-05
0.449684     0.00523358     2.50283e-05
0.549089     0.00788031     2.89675e-05
0.694847     0.0122488     2.50085e-05
0.894063     0.0188044     3.61418e-05
1.11534     0.0261592     4.66066e-05
1.36498     0.0341102     6.67932e-05
1.71082     0.0447561     7.36101e-05
2.20756     0.0569949     0.000146178
2.71472     0.0617542     0.000294513
3.21699     0.0619809     0.000464555
3.71964     0.0591892     0.000666494
4.39734     0.0512748     0.00075853
5.41886     0.0385177     0.00130155
6.43371     0.0269728     0.00200172
7.44658     0.0202962     0.00286171
