0.350869     0.000172727     5.10784e-05
0.449498     0.000585088     5.18515e-05
0.548924     0.0010653     6.21232e-05
0.69429     0.00197341     3.56834e-05
0.89363     0.00380709     6.42993e-05
1.11481     0.00591804     9.18675e-05
1.3646     0.00854807     0.00017995
1.71038     0.0124153     0.000176099
2.20803     0.0135679     0.000452954
2.71603     0.012626     0.000745359
3.21876     0.0111497     0.00109043
3.72152     0.0139716     0.00154722
4.40423     0.010712     0.00171777
5.42257     0.0046836     0.00289787
6.43556     -0.000943747     -0.00446405
7.44195     0.00126978     0.00639943
