0.35109     4.59572e-06     1.49721e-06
0.449785     1.13101e-05     1.5001e-06
0.549178     2.3893e-05     1.76088e-06
0.695345     4.25316e-05     1.12324e-06
0.894656     8.59171e-05     1.8853e-06
1.11553     0.000153727     2.72585e-06
1.36491     0.000239558     5.39788e-06
1.71027     0.000369491     5.31678e-06
2.20674     0.00061364     1.75552e-05
2.71219     0.000933676     6.55803e-05
3.21309     0.00139288     0.000257435
3.71516     0.00112786     0.000567829
4.38185     0.00132005     0.000728953
5.41018     0.00137472     0.00138574
6.43196     -0.000416673     -0.00221311
7.44673     0.000360655     0.00314815
