0.351143     2.04353e-05     1.62916e-06
0.449796     4.46969e-05     1.67616e-06
0.549182     7.56313e-05     2.00053e-06
0.695222     0.000153952     1.47437e-06
0.894435     0.000306692     2.54986e-06
1.11558     0.000513279     3.61726e-06
1.365     0.000804479     6.32869e-06
1.71047     0.00124568     7.34615e-06
2.20697     0.00212839     2.13358e-05
2.71264     0.00285643     7.13514e-05
3.21374     0.00354487     0.000239373
3.71594     0.00371351     0.000479678
4.38469     0.00383213     0.000599267
5.41136     0.00119868     0.00111623
6.43228     0.00211561     0.00176995
7.445     0.00188295     0.00255636
