0.351149     0.000142099     4.78204e-06
0.449755     0.000307492     5.16051e-06
0.549151     0.000573887     6.38045e-06
0.695045     0.00109887     5.16637e-06
0.894213     0.00208409     8.83119e-06
1.11551     0.00345045     1.28828e-05
1.36508     0.00521996     2.18243e-05
1.711     0.00803816     2.57986e-05
2.20731     0.012143     6.66069e-05
2.71415     0.0144121     0.000193437
3.21586     0.0145139     0.000390217
3.71845     0.0128564     0.000602444
4.39359     0.0112359     0.000703169
5.41615     0.0062828     0.00123568
6.43427     0.0045417     0.00193234
7.44573     0.0063878     0.00277296
