0.351074     0.000202801     9.86691e-06
0.449684     0.000462672     1.04613e-05
0.549089     0.000836618     1.29253e-05
0.694847     0.0016385     9.90779e-06
0.894063     0.00309464     1.67584e-05
1.11534     0.0050773     2.42759e-05
1.36498     0.00749761     4.18476e-05
1.71082     0.011245     4.70011e-05
2.20756     0.0159421     0.000132818
2.71472     0.0169118     0.000335842
3.21699     0.0168254     0.000564361
3.71964     0.0153045     0.000827354
4.39734     0.0118937     0.000948302
5.41886     0.00778112     0.00163686
6.43371     0.00307623     0.00252753
7.44658     0.00388472     0.00360149
