0.351176     6.57678e-05     2.63331e-06
0.449789     0.000159105     2.81299e-06
0.549183     0.000286779     3.46636e-06
0.695156     0.000558828     2.7876e-06
0.894308     0.00105548     4.75134e-06
1.1156     0.00177458     6.96773e-06
1.3651     0.00268932     1.17927e-05
1.7109     0.00423807     1.42306e-05
2.20716     0.00679396     3.71415e-05
2.71343     0.00884137     0.000112978
3.21488     0.00924299     0.000291865
3.71729     0.00853629     0.000496998
4.38916     0.00660846     0.000595706
5.41355     0.00403426     0.00107838
6.43273     0.00280844     0.00170165
7.44552     0.00311858     0.0024421
