0.351174     0.000103213     3.52204e-06
0.449777     0.00023371     3.77528e-06
0.54917     0.000422959     4.6775e-06
0.695108     0.000827146     3.77818e-06
0.894269     0.00155509     6.52627e-06
1.11557     0.00259676     9.54762e-06
1.36511     0.00392882     1.60187e-05
1.71097     0.00611484     1.90969e-05
2.20721     0.00946686     4.9325e-05
2.71376     0.0116187     0.000146482
3.21531     0.0113524     0.00033414
3.71784     0.0117347     0.000537633
4.3914     0.00998895     0.00063842
5.41499     0.0068121     0.00113439
6.43394     0.00137173     0.00178841
7.44589     0.000151537     0.00254822
