0.351121     0.000172946     6.67913e-06
0.449722     0.000392475     7.20438e-06
0.549121     0.000712721     8.96965e-06
0.694954     0.00138038     7.03418e-06
0.894138     0.00261662     1.21684e-05
1.11544     0.00428413     1.75541e-05
1.36504     0.00640442     2.96746e-05
1.71096     0.00981579     3.46244e-05
2.20745     0.0142811     9.25807e-05
2.71443     0.0166855     0.000255537
3.21638     0.0157403     0.000463581
3.7191     0.0145747     0.000694779
4.39579     0.0112109     0.00080162
5.41696     0.0100864     0.00140436
6.43514     0.00421574     0.00217677
7.44481     0.00240682     0.00310896
