0.350992     0.000225378     1.39532e-05
0.449613     0.000540356     1.45319e-05
0.549029     0.000993084     1.79213e-05
0.694645     0.0019291     1.23204e-05
0.893893     0.00364378     2.14499e-05
1.11514     0.00588122     3.05397e-05
1.36483     0.00852592     5.52817e-05
1.7106     0.0125058     5.82545e-05
2.20774     0.0166499     0.00017919
2.71523     0.0175122     0.000362144
3.21772     0.0164315     0.000554342
3.72043     0.0158861     0.000794943
4.401     0.0110917     0.000898261
5.42034     0.00906035     0.00152867
6.43576     0.00494825     0.00237464
7.44605     0.00391699     0.00336071
