0.351167     4.06884e-05     2.02155e-06
0.449796     9.00249e-05     2.14127e-06
0.549188     0.000174239     2.63187e-06
0.695179     0.000329961     2.05485e-06
0.894348     0.000629279     3.49557e-06
1.1156     0.00105934     5.11133e-06
1.36506     0.00164802     8.82888e-06
1.7107     0.00258016     1.03853e-05
2.20702     0.00424087     2.82577e-05
2.71309     0.00557423     8.87807e-05
3.21435     0.00661454     0.000261322
3.71663     0.00603093     0.000481368
4.38708     0.00516643     0.000586319
5.4123     0.00568847     0.00107596
6.43254     0.000967396     0.00170764
7.4466     0.00303825     0.00245638
