0.351167     0.000107397     1.26045e-05
0.449796     0.000219947     1.22256e-05
0.549188     0.000384322     1.31768e-05
0.695179     0.000771376     8.94941e-06
0.894348     0.00145627     1.29255e-05
1.1156     0.00246796     1.67985e-05
1.36506     0.00376997     2.62576e-05
1.7107     0.00598046     2.93601e-05
2.20702     0.00980388     6.84762e-05
2.71309     0.0130224     0.000168965
3.21435     0.0140016     0.000408459
3.71663     0.0134197     0.000698311
4.38708     0.0119643     0.000842327
5.4123     0.00848822     0.001516
6.43254     0.00731108     0.0024005
7.4466     0.00638388     0.00343749
