0.351174     0.00011165     2.08601e-05
0.449777     0.000283305     2.01236e-05
0.54917     0.000551427     2.16991e-05
0.695108     0.00101921     1.45157e-05
0.894269     0.00196604     2.10429e-05
1.11557     0.00321817     2.70522e-05
1.36511     0.0048725     4.22522e-05
1.71097     0.0075475     4.58326e-05
2.20721     0.011681     0.000109427
2.71376     0.0148994     0.000285468
3.21531     0.0146639     0.00059412
3.71784     0.0122053     0.000922146
4.3914     0.0127771     0.00107958
5.41499     0.00694559     0.00189927
6.43394     0.00204234     0.00298466
7.44589     -0.00217639     -0.00428524
