0.350869     0.000155626     0.000383585
0.449498     0.00096747     0.000382362
0.548924     0.000433075     0.000423211
0.69429     0.00106342     0.000259007
0.89363     0.00218803     0.000396422
1.11481     0.00325474     0.000514014
1.3646     0.00365578     0.00089307
1.71038     0.00692345     0.000886009
2.20803     0.00642499     0.00202609
2.71603     0.0102629     0.00320323
3.21876     0.00351738     0.00455818
3.72152     0.0188631     0.0064547
4.40423     -0.00462943     -0.00713271
5.42257     0.00798603     0.0120382
6.43556     0.00381791     0.0187265
7.44195     -0.0126845     -0.0269924
