0.351074     0.000244565     6.08219e-05
0.449684     0.000382476     5.89575e-05
0.549089     0.000611077     6.40184e-05
0.694847     0.00130671     4.16477e-05
0.894063     0.00257454     6.02316e-05
1.11534     0.00395154     7.61786e-05
1.36498     0.00595412     0.00012267
1.71082     0.00884915     0.000126031
2.20756     0.0128826     0.000343452
2.71472     0.0122702     0.000816189
3.21699     0.0134255     0.00131804
3.71964     0.00973808     0.00189662
4.39734     0.00769168     0.00216489
5.41886     0.0112     0.00372006
6.43371     -0.000204905     -0.00576297
7.44658     0.0115251     0.00820363
