0.351149     0.000130979     2.8304e-05
0.449755     0.000323191     2.72723e-05
0.549151     0.000540981     2.94714e-05
0.695045     0.00112856     1.94183e-05
0.894213     0.00208617     2.80229e-05
1.11551     0.00349578     3.59348e-05
1.36508     0.00519295     5.64845e-05
1.711     0.00806784     6.01419e-05
2.20731     0.0125552     0.000148925
2.71415     0.0157946     0.000392349
3.21586     0.0130265     0.00074095
3.71845     0.0149116     0.00111149
4.39359     0.0118122     0.00128919
5.41615     0.00726451     0.0022521
6.43427     0.00924418     0.003511
7.44573     0.00124398     0.00505467
