0.351121     0.000221542     4.08781e-05
0.449722     0.000329835     3.95039e-05
0.549121     0.000643104     4.27466e-05
0.694954     0.00118522     2.7774e-05
0.894138     0.00230014     4.03598e-05
1.11544     0.00383923     5.14121e-05
1.36504     0.00573611     8.17049e-05
1.71096     0.00853473     8.51731e-05
2.20745     0.0126428     0.000219734
2.71443     0.0148013     0.000563857
3.21638     0.0131692     0.000977206
3.7191     0.0103907     0.00143046
4.39579     0.0117799     0.00163961
5.41696     0.0058031     0.00284733
6.43514     0.00149575     0.00441748
7.44481     0.00881451     0.00634927
