0.35109     3.94929e-05     8.49331e-06
0.449785     0.000103472     8.12772e-06
0.549178     0.000205693     8.7355e-06
0.695345     0.000426595     5.84955e-06
0.894656     0.000855025     8.40286e-06
1.11553     0.00150393     1.09043e-05
1.36491     0.00234081     1.72168e-05
1.71027     0.00370227     1.9015e-05
2.20674     0.00616911     4.52365e-05
2.71219     0.00852253     0.000111878
3.21309     0.0105438     0.000296346
3.71516     0.0100399     0.000580996
4.38185     0.00880486     0.000728354
5.41018     0.00661202     0.00134961
6.43196     0.00277702     0.00215401
7.44673     0.00450735     0.00308321
