0.351143     8.10577e-05     1.00176e-05
0.449796     0.000172377     9.62798e-06
0.549182     0.000315757     1.04565e-05
0.695222     0.00062358     7.09306e-06
0.894435     0.00122024     1.02647e-05
1.11558     0.00207348     1.33594e-05
1.365     0.0032034     2.09222e-05
1.71047     0.00503614     2.34828e-05
2.20697     0.00831081     5.49137e-05
2.71264     0.01113     0.000133226
3.21374     0.0131267     0.000338683
3.71594     0.0131658     0.000616519
4.38469     0.0116616     0.00075665
5.41136     0.00919135     0.00138139
6.43228     0.00699623     0.002188
7.445     0.00503902     0.00315614
