0.350992     1.60616e-05     9.3577e-05
0.449613     0.000320423     9.08295e-05
0.549029     0.000776569     9.96987e-05
0.694645     0.00125457     6.32968e-05
0.893893     0.0022139     9.23757e-05
1.11514     0.00391093     0.000118265
1.36483     0.005944     0.000197773
1.7106     0.00865545     0.000196795
2.20774     0.0115043     0.000564759
2.71523     0.0109498     0.00107506
3.21772     0.00965728     0.00159543
3.72043     0.00669356     0.00224939
4.401     0.0112043     0.00254027
5.42034     0.00960136     0.0043179
6.43576     -0.00675542     -0.00670799
7.44605     -0.0164229     -0.00954543
