0.351176     0.000121768     1.59603e-05
0.449789     0.000267375     1.53586e-05
0.549183     0.000465034     1.65985e-05
0.695156     0.000915441     1.11855e-05
0.894308     0.0017485     1.6262e-05
1.1156     0.00286386     2.09758e-05
1.3651     0.00439018     3.27644e-05
1.7109     0.00684582     3.6217e-05
2.20716     0.0107761     8.48329e-05
2.71343     0.0141933     0.000214993
3.21488     0.0154454     0.000486756
3.71729     0.0143331     0.000790579
4.38916     0.0127109     0.000935867
5.41355     0.00638202     0.00166631
6.43273     0.00498107     0.00262303
7.44552     0.00422821     0.00378026
