0.351143     0.000674235     4.90321e-05
0.449796     0.00124475     4.78149e-05
0.549182     0.00184839     4.92114e-05
0.695222     0.00291351     3.8795e-05
0.894435     0.00453184     4.53036e-05
1.11558     0.00638161     4.96429e-05
1.365     0.00841736     6.24978e-05
1.71047     0.0113278     6.13585e-05
2.20697     0.0153463     0.000102303
2.71264     0.0192529     0.000168228
3.21374     0.0216422     0.000280954
3.71594     0.0222989     0.000431435
4.38469     0.0216833     0.000514163
5.41136     0.0165446     0.00090399
6.43228     0.0118992     0.00142202
7.445     0.0045551     0.00203727
