0.351074     0.0027954     8.6351e-05
0.449684     0.00486785     8.48223e-05
0.549089     0.00716934     8.79684e-05
0.694847     0.0110138     6.94508e-05
0.894063     0.0166282     8.2595e-05
1.11534     0.0226736     9.16336e-05
1.36498     0.0293471     0.000116944
1.71082     0.0381224     0.000115014
2.20756     0.0490484     0.000196322
2.71472     0.0558807     0.000328203
3.21699     0.0594847     0.000483226
3.71964     0.0582425     0.000677973
4.39734     0.0514558     0.000769003
5.41886     0.0385736     0.00130734
6.43371     0.0271876     0.0020051
7.44658     0.0200797     0.00286343
