0.350992     0.00308667     7.97357e-05
0.449613     0.00540045     7.85178e-05
0.549029     0.00781287     8.20741e-05
0.694645     0.0121749     6.47222e-05
0.893893     0.0181798     7.77488e-05
1.11514     0.0249854     8.66621e-05
1.36483     0.0319895     0.000111887
1.7106     0.0407139     0.000109799
2.20774     0.0514268     0.000193625
2.71523     0.0585708     0.000306835
3.21772     0.0601877     0.000437088
3.72043     0.0578981     0.000609612
4.401     0.0505636     0.000685654
5.42034     0.0379099     0.00115423
6.43576     0.0290467     0.00177844
7.44605     0.0247084     0.00253387
