0.351121     0.00256618     7.38893e-05
0.449722     0.00439501     7.23043e-05
0.549121     0.00654665     7.49663e-05
0.694954     0.00993617     5.9143e-05
0.894138     0.0148377     7.01511e-05
1.11544     0.0206133     7.76789e-05
1.36504     0.0263626     9.84428e-05
1.71096     0.034537     9.69672e-05
2.20745     0.0452182     0.000163088
2.71443     0.0527118     0.000275364
3.21638     0.0564547     0.000415492
3.7191     0.0565014     0.000585816
4.39579     0.0487422     0.000669411
5.41696     0.0372816     0.00114327
6.43514     0.0249888     0.00176608
7.44481     0.0179378     0.00252297
