0.351149     0.000690909     0.000120461
0.449755     0.0015401     0.000117494
0.549151     0.00246707     0.000121346
0.695045     0.00434368     9.50086e-05
0.894213     0.00709698     0.000111254
1.11551     0.0107713     0.000121616
1.36508     0.0150591     0.00015401
1.711     0.0214319     0.000148699
2.20731     0.0305538     0.000254262
2.71415     0.0385916     0.000436705
3.21586     0.0439781     0.000681486
3.71845     0.0447939     0.000967843
4.39359     0.0394122     0.00111139
5.41615     0.0300165     0.00190443
6.43427     0.0188608     0.00295605
7.44573     0.00928992     0.00421645
