0.351074     0.00106585     0.000188655
0.449684     0.00153504     0.000184934
0.549089     0.00291356     0.00019157
0.694847     0.00485745     0.000150169
0.894063     0.00785233     0.000177484
1.11534     0.0128201     0.000195521
1.36498     0.0169746     0.00024948
1.71082     0.0235924     0.000241337
2.20756     0.0329668     0.000423303
2.71472     0.0403436     0.000718634
3.21699     0.0434686     0.00105355
3.71964     0.0449306     0.00147383
4.39734     0.0382077     0.0016721
5.41886     0.0287308     0.00283659
6.43371     0.0193498     0.00438886
7.44658     0.0062387     0.00626533
