0.351121     0.000997803     0.000147938
0.449722     0.00181517     0.000145015
0.549121     0.00255992     0.00015016
0.694954     0.00470915     0.000117245
0.894138     0.00800549     0.000138053
1.11544     0.0119625     0.000151472
1.36504     0.0164795     0.000192406
1.71096     0.0229597     0.000185673
2.20745     0.0324562     0.000320913
2.71443     0.0414408     0.000552311
3.21638     0.0425458     0.000832933
3.7191     0.0459738     0.00117176
4.39579     0.0399118     0.00133499
5.41696     0.0286539     0.00228539
6.43514     0.014537     0.00353792
7.44481     0.0055681     0.00503001
