0.35109     -1.51321e-05     -8.22638e-05
0.449785     0.000236903     8.05918e-05
0.549178     0.000342587     8.28966e-05
0.695345     0.000859157     6.51925e-05
0.894656     0.00177469     7.51718e-05
1.11553     0.00243907     8.11455e-05
1.36491     0.00360019     0.000101676
1.71027     0.00523471     9.70884e-05
2.20674     0.00801026     0.000165787
2.71219     0.0107031     0.000278486
3.21309     0.0134082     0.00047401
3.71516     0.0137329     0.000748135
4.38185     0.0135413     0.000899632
5.41018     0.00783255     0.00159778
6.43196     0.00651701     0.00252525
7.44673     -0.0024018     -0.00360233
