0.350869     0.000325147     0.000505623
0.449498     0.00195396     0.000501939
0.548924     0.00202304     0.000528427
0.69429     0.00470382     0.000412774
0.89363     0.00762107     0.000503207
1.11481     0.00975981     0.000565882
1.3646     0.015452     0.000757561
1.71038     0.0197867     0.000738967
2.20803     0.0250135     0.00127751
2.71603     0.030322     0.00187688
3.21876     0.0334115     0.00263481
3.72152     0.033761     0.00367036
4.40423     0.0233377     0.00406497
5.42257     0.0217185     0.00683366
6.43556     0.0120456     0.0105574
7.44195     0.0199632     0.0151355
