0.351143     0.000224032     7.53537e-05
0.449796     0.000468557     7.37037e-05
0.549182     0.000830617     7.58844e-05
0.695222     0.00167755     5.95466e-05
0.894435     0.0030503     6.89608e-05
1.11558     0.00477285     7.48173e-05
1.365     0.00648441     9.3619e-05
1.71047     0.00973922     8.9707e-05
2.20697     0.0145821     0.00015282
2.71264     0.0187063     0.000255815
3.21374     0.0224698     0.00043246
3.71594     0.0251577     0.000665464
4.38469     0.0235138     0.000792416
5.41136     0.0169718     0.00139413
6.43228     0.0157867     0.00218903
7.445     0.00785974     0.00313831
