0.350869     3.18668e-05     0.000211938
0.449498     0.000111184     0.000210448
0.548924     0.000825582     0.000221335
0.69429     0.00136612     0.000172937
0.89363     0.00207147     0.000209608
1.11481     0.00392451     0.000234775
1.3646     0.00528559     0.000312679
1.71038     0.00698878     0.000301533
2.20803     0.00912748     0.000528079
2.71603     0.0111406     0.000787265
3.21876     0.0107448     0.00111848
3.72152     0.0128923     0.00156976
4.40423     0.00866976     0.00173485
5.42257     0.00771122     0.00291877
6.43556     -0.00523012     -0.00444674
7.44195     -0.00199072     -0.0064065
