0.351174     0.000130459     7.01923e-05
0.449777     0.000129471     6.86653e-05
0.54917     0.000279788     7.081e-05
0.695108     0.000635117     5.53858e-05
0.894269     0.0010716     6.44023e-05
1.11557     0.00161065     7.00071e-05
1.36511     0.00255027     8.78188e-05
1.71097     0.00405189     8.31129e-05
2.20721     0.00616325     0.000141948
2.71376     0.00799389     0.000242055
3.21531     0.00893058     0.000393429
3.71784     0.0101878     0.000572329
4.3914     0.00899954     0.000666996
5.41499     0.0061806     0.0011499
6.43394     0.000560654     0.00179584
7.44589     -0.000480124     -0.00255931
