0.351176     2.99436e-05     6.47892e-05
0.449789     0.000258086     6.32438e-05
0.549183     0.000257823     6.50959e-05
0.695156     0.000501849     5.10049e-05
0.894308     0.000859766     5.91466e-05
1.1156     0.00125262     6.40665e-05
1.3651     0.00204319     8.01137e-05
1.7109     0.00295676     7.57779e-05
2.20716     0.00454288     0.000129222
2.71343     0.00607269     0.000218924
3.21488     0.00709487     0.000362566
3.71729     0.00737005     0.000537917
4.38916     0.00668773     0.000628837
5.41355     0.00368252     0.00109784
6.43273     0.00289576     0.0017139
7.44552     0.00333381     0.00245483
