0.351167     0.000121329     6.20297e-05
0.449796     0.000117927     6.05344e-05
0.549188     0.000166214     6.24647e-05
0.695179     0.000354242     4.91101e-05
0.894348     0.000564944     5.6768e-05
1.1156     0.000872861     6.13719e-05
1.36506     0.00118876     7.68262e-05
1.7107     0.00184042     7.24238e-05
2.20702     0.00275151     0.000122937
2.71309     0.00410229     0.000207386
3.21435     0.00538578     0.000348764
3.71663     0.00493676     0.000529764
4.38708     0.00511188     0.000624239
5.4123     0.00460522     0.0010955
6.43254     0.000711895     0.00171946
7.4466     0.00130014     0.00246308
