0.351176     -2.27298e-05     -9.91627e-05
0.449789     0.000289905     9.70344e-05
0.549183     0.000280897     9.98866e-05
0.695156     0.000776365     7.8324e-05
0.894308     0.0013333     9.11432e-05
1.1156     0.00200308     9.87216e-05
1.3651     0.0029895     0.000123977
1.7109     0.0046428     0.000117756
2.20716     0.00700911     0.000201757
2.71343     0.00893108     0.000343442
3.21488     0.011348     0.000568361
3.71729     0.0133025     0.000834091
4.38916     0.0122816     0.000970856
5.41355     0.00639966     0.00168275
6.43273     0.00480063     0.00263268
7.44552     0.00448569     0.00378849
