0.351143     0.000146716     7.53356e-05
0.449796     0.000145596     7.37819e-05
0.549182     0.000394889     7.59933e-05
0.695222     0.000516404     5.98272e-05
0.894435     0.000953324     6.92742e-05
1.11558     0.00150853     7.49662e-05
1.365     0.00246895     9.35248e-05
1.71047     0.00372112     8.86211e-05
2.20697     0.0059613     0.000151642
2.71264     0.0077497     0.00025521
3.21374     0.00965234     0.000433314
3.71594     0.0106687     0.000667264
4.38469     0.0112417     0.000794722
5.41136     0.00970832     0.0013979
6.43228     0.00694881     0.00219853
7.445     0.00572735     0.00316379
