0.351167     4.61352e-05     8.65244e-05
0.449796     0.000280808     8.4683e-05
0.549188     0.0004203     8.71848e-05
0.695179     0.000660016     6.85734e-05
0.894348     0.00124222     7.9456e-05
1.1156     0.00199803     8.60304e-05
1.36506     0.00280405     0.000107703
1.7107     0.00392823     0.000102213
2.20702     0.00648613     0.000174673
2.71309     0.00904704     0.000295346
3.21435     0.0108921     0.000497827
3.71663     0.0114148     0.000745735
4.38708     0.0109764     0.000878139
5.4123     0.00872832     0.00153256
6.43254     0.00675805     0.0024108
7.4466     0.00644651     0.00344611
