0.351074     2.51841e-05     0.000249118
0.449684     -6.85466e-05     -0.000244503
0.549089     0.000534911     0.000253645
0.694847     0.00089351     0.000198492
0.894063     0.00117011     0.000233936
1.11534     0.00247855     0.000256477
1.36498     0.00336208     0.000327258
1.71082     0.00415835     0.000313541
2.20756     0.0066725     0.0005558
2.71472     0.00747208     0.000949554
3.21699     0.0102189     0.00139047
3.71964     0.00859627     0.00193967
4.39734     0.00590378     0.00220137
5.41886     0.0107173     0.00374069
6.43371     -0.0011984     -0.0057778
7.44658     0.0122502     0.00821477
