0.350869     0.000163492     0.000906929
0.449498     -0.000872735     -0.00090233
0.548924     0.00104007     0.000951213
0.69429     0.000609296     0.000741509
0.89363     5.35723e-05     0.000900355
1.11481     0.00192185     0.00101397
1.3646     0.00178281     0.00135433
1.71038     0.00285859     0.00131381
2.20803     0.00237356     0.00227357
2.71603     0.00955736     0.00333571
3.21876     0.00336391     0.00464133
3.72152     0.0159037     0.00649629
4.40423     -0.00683169     -0.00718792
5.42257     0.00851675     0.0120712
6.43556     0.00156325     0.0187584
7.44195     -0.0132706     -0.0270535
