0.351121     1.90354e-05     0.000186395
0.449722     -0.000292239     -0.000182613
0.549121     0.000176525     0.000189004
0.694954     0.000720104     0.000147828
0.894138     0.00124903     0.000173203
1.11544     0.00190788     0.000189369
1.36504     0.00279997     0.000240076
1.71096     0.0043531     0.000229254
2.20745     0.00688771     0.000400573
2.71443     0.0101297     0.000696084
3.21638     0.010345     0.00104843
3.7191     0.00879667     0.001471
4.39579     0.0113777     0.00167414
5.41696     0.00493096     0.00286448
6.43514     0.0020419     0.00442991
7.44481     0.00913952     0.00636115
