0.35109     -3.81282e-05     -7.00695e-05
0.449785     9.4247e-05     6.87831e-05
0.549178     0.000189296     7.08061e-05
0.695345     0.000330563     5.59046e-05
0.894656     0.000708065     6.43303e-05
1.11553     0.00135278     6.93141e-05
1.36491     0.0017586     8.66321e-05
1.71027     0.00278567     8.19532e-05
2.20674     0.00437336     0.000140467
2.71219     0.00620044     0.000236683
3.21309     0.00839019     0.000403756
3.71516     0.00879985     0.000639076
4.38185     0.00839995     0.00077064
5.41018     0.0062183     0.00136799
6.43196     0.00305137     0.00216486
7.44673     0.00462842     0.00309063
