0.351174     -1.52464e-05     -0.000117726
0.449777     0.000478642     0.000114877
0.54917     0.000379436     0.000118554
0.695108     0.000704323     9.27561e-05
0.894269     0.00127357     0.000108004
1.11557     0.00207768     0.000117404
1.36511     0.00292374     0.000147753
1.71097     0.00449574     0.000140541
2.20721     0.00686198     0.000241601
2.71376     0.00957527     0.000414878
3.21531     0.010391     0.000670486
3.71784     0.0105715     0.000963194
4.3914     0.01189     0.00111248
5.41499     0.00652673     0.00191607
6.43394     0.00138663     0.00299497
7.44589     -0.00236388     -0.00429168
