0.350992     -0.000373504     -0.000306823
0.449613     -0.000110011     -0.000303013
0.549029     0.000938235     0.000315705
0.694645     0.00035451     0.000247276
0.893893     0.00059731     0.000294485
1.11514     0.00155957     0.000326129
1.36483     0.00280795     0.000422491
1.7106     0.00329218     0.000406402
2.20774     0.00586729     0.000743703
2.71523     0.00666139     0.00117214
3.21772     0.00735291     0.00165009
3.72043     0.00622347     0.00228377
4.401     0.010526     0.00257049
5.42034     0.00905391     0.00433482
6.43576     -0.00641514     -0.00671799
7.44605     -0.0154806     -0.00955719
