0.350992     -5.24664e-05     -0.000320746
0.449613     -0.000182714     -0.000317071
0.549029     0.000198059     0.000329956
0.694645     0.000259966     0.000258474
0.893893     0.000852119     0.000308122
1.11514     0.00194396     0.000339325
1.36483     0.00295459     0.000439118
1.7106     0.00446371     0.000420391
2.20774     0.00688362     0.000765397
2.71523     0.00971322     0.00121833
3.21772     0.0084919     0.00173129
3.72043     0.00964044     0.00241162
4.401     0.00652642     0.00271328
5.42034     -0.00208869     -0.00460178
6.43576     -0.00390521     -0.00707627
7.44605     0.00571524     0.0100913
