0.351174     -0.000143138     -0.00013097
0.449777     0.000289161     0.000128028
0.54917     -6.17592e-05     -0.000132221
0.695108     0.000342897     0.000103116
0.894269     0.00078704     0.000120045
1.11557     0.00107621     0.000130314
1.36511     0.00212176     0.000164189
1.71097     0.00343975     0.000155597
2.20721     0.00557911     0.000266263
2.71376     0.00928743     0.000456091
3.21531     0.00906771     0.000741509
3.71784     0.00963983     0.00107481
4.3914     0.00937798     0.00124543
5.41499     0.0084081     0.00215843
6.43394     0.00546793     0.00336553
7.44589     4.72403e-05     0.00479728
