0.350869     -0.000416057     -0.000910788
0.449498     0.000315004     0.000906189
0.548924     0.000525813     0.000951839
0.69429     4.89923e-05     0.000744204
0.89363     0.00126617     0.000903178
1.11481     0.000421158     0.00101357
1.3646     0.000939746     0.00135202
1.71038     0.00254671     0.0013031
2.20803     0.00377142     0.00226609
2.71603     0.00381343     0.00333115
3.21876     0.0105301     0.00470696
3.72152     0.00230002     0.00657302
4.40423     -0.00296481     -0.00728887
5.42257     0.000161624     0.0122411
6.43556     0.012563     0.0191292
7.44195     0.000281958     0.0272408
