0.351074     0.000167868     0.000261069
0.449684     -2.99408e-05     -0.000256177
0.549089     6.50588e-05     0.000266389
0.694847     0.000650648     0.000207347
0.894063     0.00114593     0.000244559
1.11534     0.00179865     0.000267774
1.36498     0.00299086     0.00034135
1.71082     0.00423874     0.000325302
2.20756     0.00766576     0.000574584
2.71472     0.0107702     0.000985239
3.21699     0.0127144     0.00145588
3.71964     0.0140887     0.00204274
4.39734     0.00698949     0.0023259
5.41886     0.00744311     0.00394574
6.43371     0.000847376     0.00610629
7.44658     0.00516759     0.00871905
