0.351143     -0.000131263     -0.000102294
0.449796     6.54684e-05     9.98438e-05
0.549182     5.07345e-05     0.000102897
0.695222     0.00017306     8.0515e-05
0.894435     9.23596e-05     9.32454e-05
1.11558     0.000383925     0.000100834
1.365     0.000667172     0.000126596
1.71047     0.00127416     0.000119617
2.20697     0.00220888     0.00020412
2.71264     0.00281513     0.000344321
3.21374     0.00398223     0.000584363
3.71594     0.00461582     0.000903407
4.38469     0.00522999     0.00107539
5.41136     0.00101062     0.0019005
6.43228     -0.000520871     -0.00297742
7.445     0.00256417     0.00426272
