0.35109     -7.44117e-05     -0.000120889
0.449785     -5.05236e-05     -0.000118562
0.549178     0.000129149     0.000122271
0.695345     8.2108e-05     9.61259e-05
0.894656     0.000381988     0.000110935
1.11553     -0.000144427     -0.000119221
1.36491     0.000248721     0.000149195
1.71027     0.000391171     0.000141244
2.20674     0.000791006     0.000242817
2.71219     0.00212901     0.000408656
3.21309     0.00198014     0.000697276
3.71516     0.00175581     0.00110037
4.38185     0.00114815     0.00132735
5.41018     0.000683314     0.00236721
6.43196     0.00365426     0.00372566
7.44673     -0.00394531     -0.00534755
