0.351176     0.00014531     0.000114163
0.449789     8.30715e-05     0.000111675
0.549183     0.000168231     0.000114962
0.695156     0.000319125     8.97113e-05
0.894308     0.000471091     0.000104596
1.1156     0.000856179     0.000113133
1.3651     0.001515     0.00014195
1.7109     0.00233499     0.000134309
2.20716     0.00429678     0.000229633
2.71343     0.00571728     0.000390649
3.21488     0.00836226     0.000648229
3.71729     0.00903222     0.000957304
4.38916     0.0055146     0.00112051
5.41355     0.0049973     0.00194972
6.43273     0.00746227     0.00304323
7.44552     -0.000528092     -0.00437591
