0.35109     0.0118821     4.98395e-05
0.449785     0.0159121     4.95004e-05
0.549178     0.0198794     5.18333e-05
0.695345     0.0250488     4.43471e-05
0.894656     0.0320044     5.27245e-05
1.11553     0.0385562     5.89612e-05
1.36491     0.0444104     7.19349e-05
1.71027     0.0518244     7.37262e-05
2.20674     0.0614492     0.000112425
2.71219     0.0676913     0.000175032
3.21309     0.0714241     0.000285543
3.71516     0.0714467     0.000445339
4.38185     0.0658347     0.000531443
5.41018     0.0533137     0.000954342
6.43196     0.0391344     0.00152074
7.44673     0.0310432     0.00209761
