0.351176     0.0353545     5.16956e-05
0.449789     0.0460771     5.23679e-05
0.549183     0.0563779     5.56809e-05
0.695156     0.0703078     5.062e-05
0.894308     0.087272     6.04383e-05
1.1156     0.1039     6.84477e-05
1.3651     0.119796     8.22827e-05
1.7109     0.139715     8.66713e-05
2.20716     0.164603     0.00012344
2.71343     0.181489     0.000184526
3.21488     0.188771     0.000285978
3.71729     0.188193     0.000410973
4.38916     0.173627     0.000478793
5.41355     0.140584     0.000822923
6.43273     0.108171     0.00129362
7.44552     0.0944187     0.00184929
