0.350869     0.0516783     0.000111726
0.449498     0.0692243     0.000112908
0.548924     0.0855357     0.000121173
0.69429     0.106956     0.000103535
0.89363     0.132167     0.000125943
1.11481     0.155152     0.000142845
1.3646     0.17569     0.000181561
1.71038     0.196592     0.000182342
2.20803     0.215232     0.000288975
2.71603     0.221949     0.000415727
3.21876     0.217907     0.000581514
3.72152     0.206095     0.000806475
4.40423     0.185496     0.000890603
5.42257     0.156341     0.00148644
6.43556     0.139499     0.00228692
7.44195     0.123748     0.00327477
