0.351143     0.0211831     4.59873e-05
0.449796     0.0277546     4.62194e-05
0.549182     0.0342355     4.8826e-05
0.695222     0.0429036     4.3478e-05
0.894435     0.0538666     5.19022e-05
1.11558     0.0644627     5.85291e-05
1.365     0.0746384     7.07635e-05
1.71047     0.0873231     7.39843e-05
2.20697     0.104033     0.000108392
2.71264     0.1162     0.000163498
3.21374     0.122935     0.000261323
3.71594     0.123406     0.000393456
4.38469     0.115475     0.000467137
5.41136     0.0930143     0.00081936
6.43228     0.073209     0.0012731
7.445     0.0610311     0.0018686
