0.351121     0.0478355     7.10545e-05
0.449722     0.0629817     7.21995e-05
0.549121     0.0771164     7.71024e-05
0.694954     0.0959535     6.98516e-05
0.894138     0.119117     8.37585e-05
1.11544     0.140986     9.46783e-05
1.36504     0.161872     0.000114098
1.71096     0.18661     0.000119188
2.20745     0.214441     0.000171708
2.71443     0.229587     0.000263861
3.21638     0.233878     0.000382322
3.7191     0.227779     0.000531605
4.39579     0.20622     0.00060576
5.41696     0.16822     0.00103418
6.43514     0.132697     0.00160717
7.44481     0.114269     0.00228538
