0.350992     0.0522287     7.23742e-05
0.449613     0.0691811     7.32854e-05
0.549029     0.0850289     7.84934e-05
0.694645     0.106092     6.94833e-05
0.893893     0.13126     8.37064e-05
1.11514     0.154723     9.45689e-05
1.36483     0.17665     0.000116029
1.7106     0.200436     0.000118865
2.20774     0.22446     0.00018333
2.71523     0.234913     0.000273893
3.21772     0.234632     0.00038157
3.72043     0.223685     0.000527585
4.401     0.201901     0.000594005
5.42034     0.166768     0.00100225
6.43576     0.13938     0.00154228
7.44605     0.122553     0.00221836
