0.351074     0.0503195     8.19195e-05
0.449684     0.0662059     8.30646e-05
0.549089     0.0812409     8.88002e-05
0.694847     0.101244     7.99295e-05
0.894063     0.125486     9.5986e-05
1.11534     0.148363     0.000108472
1.36498     0.169982     0.000131294
1.71082     0.194804     0.000136247
2.20756     0.221581     0.000200222
2.71472     0.235248     0.000307923
3.21699     0.237842     0.000437293
3.71964     0.229597     0.000606161
4.39734     0.206885     0.000688767
5.41886     0.168582     0.00116639
6.43371     0.138034     0.00180221
7.44658     0.117627     0.00254833
