0.351174     0.0405454     5.65079e-05
0.449777     0.0530303     5.73465e-05
0.54917     0.0648199     6.10298e-05
0.695108     0.0806969     5.56294e-05
0.894269     0.100179     6.65737e-05
1.11557     0.118859     7.52814e-05
1.36511     0.137078     9.03946e-05
1.71097     0.159077     9.50987e-05
2.20721     0.186065     0.000135217
2.71376     0.203237     0.000203244
3.21531     0.210288     0.000309473
3.71784     0.207744     0.00043759
4.3914     0.190448     0.000505894
5.41499     0.153249     0.000871606
6.43394     0.123386     0.00135749
7.44589     0.102414     0.00191311
