0.351167     0.0289984     4.85632e-05
0.449796     0.0378473     4.90404e-05
0.549188     0.0464189     5.21132e-05
0.695179     0.0579583     4.70046e-05
0.894348     0.0720982     5.61576e-05
1.1156     0.0859748     6.34768e-05
1.36506     0.0994622     7.65612e-05
1.7107     0.116202     8.03921e-05
2.20702     0.137755     0.000115753
2.71309     0.153027     0.000172994
3.21435     0.160766     0.000272102
3.71663     0.16114     0.000400265
4.38708     0.149977     0.000469606
5.4123     0.12126     0.00081507
6.43254     0.0953048     0.00127181
7.4466     0.0794523     0.00183303
