0.351149     0.0446553     6.28169e-05
0.449755     0.0584856     6.37722e-05
0.549151     0.0716071     6.80263e-05
0.695045     0.0891741     6.19166e-05
0.894213     0.110587     7.41552e-05
1.11551     0.131216     8.38422e-05
1.36508     0.151182     0.000100906
1.711     0.17471     0.00010577
2.20731     0.202694     0.00015086
2.71415     0.219074     0.000229206
3.21586     0.225032     0.00034089
3.71845     0.220552     0.000476137
4.39359     0.200892     0.000548011
5.41615     0.162657     0.000939584
6.43427     0.130469     0.00144942
7.44573     0.108475     0.00207234
