0.35109     0.00540722     5.58144e-05
0.449785     0.00849065     5.41582e-05
0.549178     0.0119026     5.6151e-05
0.695345     0.0172484     4.60496e-05
0.894656     0.0246151     5.49579e-05
1.11553     0.0326018     6.22154e-05
1.36491     0.040682     7.81035e-05
1.71027     0.0513158     8.10909e-05
2.20674     0.0666981     0.000127391
2.71219     0.0790746     0.000200005
3.21309     0.0878924     0.000325799
3.71516     0.0906307     0.000510195
4.38185     0.0843603     0.000608058
5.41018     0.0645058     0.00107459
6.43196     0.0447454     0.00166784
7.44673     0.0297939     0.00233591
