0.350992     0.0106082     0.000156454
0.449613     0.0163957     0.000153687
0.549029     0.0222288     0.000161482
0.694645     0.0307217     0.000130201
0.893893     0.042449     0.000157438
1.11514     0.0541042     0.000178217
1.36483     0.0661441     0.000228715
1.7106     0.0803487     0.000228811
2.20774     0.096679     0.000388782
2.71523     0.104991     0.000600438
3.21772     0.105381     0.000835137
3.72043     0.10004     0.00114384
4.401     0.0858676     0.00128047
5.42034     0.0632865     0.00217803
6.43576     0.0436107     0.00309227
7.44605     0.0231214     0.00493898
