0.351174     0.00972021     8.79323e-05
0.449777     0.014339     8.57316e-05
0.54917     0.0196097     8.94601e-05
0.695108     0.0270239     7.32921e-05
0.894269     0.0373223     8.82835e-05
1.11557     0.0479662     9.93707e-05
1.36511     0.0593685     0.000124544
1.71097     0.0736542     0.00012813
2.20721     0.0929178     0.000200173
2.71376     0.107085     0.000321207
3.21531     0.114319     0.000498228
3.71784     0.113751     0.000715599
4.3914     0.103465     0.000822448
5.41499     0.0785265     0.00142346
6.43394     0.054733     0.00222242
7.44589     0.0425843     0.00294038
