0.351121     0.0105079     0.000123073
0.449722     0.015789     0.000121278
0.549121     0.0213392     0.000125459
0.694954     0.0295274     0.000102452
0.894138     0.040689     0.00012367
1.11544     0.0523076     0.000139498
1.36504     0.0642381     0.000175812
1.71096     0.0794388     0.000178221
2.20745     0.0985201     0.000286104
2.71443     0.110574     0.000467309
3.21638     0.114059     0.00068877
3.7191     0.111889     0.000962362
4.39579     0.100022     0.00107943
5.41696     0.072087     0.00186307
6.43514     0.051627     0.00268371
7.44481     0.0382715     0.00382779
