0.351167     0.00841748     6.74805e-05
0.449796     0.0123939     6.70548e-05
0.549188     0.0168275     6.92071e-05
0.695179     0.0234586     5.74206e-05
0.894348     0.0324706     6.88912e-05
1.1156     0.0422103     7.81374e-05
1.36506     0.0521942     9.77226e-05
1.7107     0.0656578     0.000101753
2.20702     0.0841435     0.000158138
2.71309     0.0984383     0.000247621
3.21435     0.106979     0.000397432
3.71663     0.109635     0.000583632
4.38708     0.10152     0.000687488
5.4123     0.0766083     0.00119381
6.43254     0.0558673     0.00185879
7.4466     0.0415513     0.00272942
