0.351143     0.00724366     6.02066e-05
0.449796     0.0108875     5.90008e-05
0.549182     0.0149222     6.13723e-05
0.695222     0.0210223     5.05989e-05
0.894435     0.0294722     6.09204e-05
1.11558     0.038472     6.90498e-05
1.365     0.0477689     8.63364e-05
1.71047     0.0599373     9.00687e-05
2.20697     0.0772572     0.000140253
2.71264     0.0912685     0.000218092
3.21374     0.100477     0.000354171
3.71594     0.102862     0.000537457
4.38469     0.0964938     0.000632899
5.41136     0.0747937     0.00110863
6.43228     0.0513658     0.00173946
7.445     0.036811     0.00276392
