0.351149     0.0100009     0.000102542
0.449755     0.0152415     0.000100258
0.549151     0.0205925     0.000104571
0.695045     0.0284632     8.5712e-05
0.894213     0.039003     0.00010295
1.11551     0.0505012     0.000116107
1.36508     0.0620784     0.000145988
1.711     0.077087     0.000149105
2.20731     0.096075     0.000234739
2.71415     0.109044     0.000381873
3.21586     0.115845     0.000579693
3.71845     0.113372     0.00080844
4.39359     0.102756     0.000934468
5.41615     0.0787145     0.00157428
6.43427     0.0595462     0.00256462
7.44573     0.0446351     0.00340682
