0.351176     0.00911838     7.60507e-05
0.449789     0.0135575     7.45086e-05
0.549183     0.0183406     7.77244e-05
0.695156     0.0254433     6.43027e-05
0.894308     0.0352331     7.7076e-05
1.1156     0.0453816     8.71791e-05
1.3651     0.0561034     0.000108793
1.7109     0.0702168     0.000112831
2.20716     0.0889378     0.0001753
2.71343     0.104061     0.000277064
3.21488     0.11145     0.00044118
3.71729     0.11315     0.000636692
4.38916     0.103512     0.000740241
5.41355     0.079491     0.00125688
6.43273     0.0561433     0.00190378
7.44552     0.0473976     0.00297779
