0.351074     0.0106567     0.000152252
0.449684     0.0162031     0.000149086
0.549089     0.0217276     0.000155719
0.694847     0.0304949     0.000126722
0.894063     0.0419787     0.000152596
1.11534     0.0537843     0.0001725
1.36498     0.0658369     0.000218595
1.71082     0.081086     0.000219953
2.20756     0.0985963     0.000360726
2.71472     0.109179     0.000587404
3.21699     0.112301     0.000837984
3.71964     0.109154     0.00116905
4.39734     0.0952601     0.00132074
5.41886     0.073226     0.00225283
6.43371     0.0536609     0.00340313
7.44658     0.0388599     0.00454945
