0.350869     0.00981554     0.000310419
0.449498     0.0149546     0.000306028
0.548924     0.0207985     0.000321761
0.69429     0.0286829     0.000260609
0.89363     0.0398069     0.000317744
1.11481     0.0506865     0.000363838
1.3646     0.0613209     0.000478188
1.71038     0.0732076     0.000474121
2.20803     0.0861766     0.00079127
2.71603     0.0905315     0.00114902
3.21876     0.0888737     0.00160068
3.72152     0.082205     0.00219321
4.40423     0.0680357     0.00246955
5.42257     0.0380565     0.00417529
6.43556     0.0325962     0.00522768
7.44195     0.00701665     0.00436162
