0.350869     0.00284888     0.000138053
0.449498     0.00503938     0.000136848
0.548924     0.0076805     0.000144311
0.69429     0.0122804     0.000113294
0.89363     0.0183388     0.000138455
1.11481     0.0247814     0.000156036
1.3646     0.0316985     0.000207613
1.71038     0.040245     0.000203031
2.20803     0.0484583     0.000350565
2.71603     0.0535662     0.000519127
3.21876     0.0546485     0.000734301
3.72152     0.0514715     0.00102541
4.40423     0.042206     0.00113443
5.42257     0.0315429     0.00189926
6.43556     0.0266675     0.00292666
7.44195     0.0186044     0.00419494
