0.351174     0.00181112     5.80113e-05
0.449777     0.00313058     5.66085e-05
0.54917     0.00456489     5.84559e-05
0.695108     0.00726503     4.6066e-05
0.894269     0.0108963     5.42942e-05
1.11557     0.0149615     5.97715e-05
1.36511     0.0195392     7.5584e-05
1.71097     0.0257949     7.43498e-05
2.20721     0.0343364     0.000123134
2.71376     0.0410343     0.00020554
3.21531     0.0446124     0.000329366
3.71784     0.0454374     0.000475598
4.3914     0.0422403     0.000551062
5.41499     0.0304866     0.000950621
6.43394     0.0182786     0.00148233
7.44589     0.01479     0.00210805
