0.351167     0.00105085     5.0561e-05
0.449796     0.00190327     4.93242e-05
0.549188     0.0028673     5.0761e-05
0.695179     0.00434891     3.99994e-05
0.894348     0.00660073     4.6893e-05
1.1156     0.00907915     5.14512e-05
1.36506     0.0118719     6.47778e-05
1.7107     0.0158418     6.3711e-05
2.20702     0.021711     0.000105834
2.71309     0.026399     0.000174169
3.21435     0.0298371     0.000288662
3.71663     0.0306718     0.000433561
4.38708     0.0287143     0.000510815
5.4123     0.0220794     0.000894468
6.43254     0.0128179     0.00140241
7.4466     0.0116419     0.00200263
