0.35109     0.000307315     5.59373e-05
0.449785     0.000524696     5.45361e-05
0.549178     0.00085734     5.62387e-05
0.695345     0.00149104     4.42359e-05
0.894656     0.00231082     5.13963e-05
1.11553     0.00333642     5.61816e-05
1.36491     0.00441876     7.07018e-05
1.71027     0.00594129     6.92039e-05
2.20674     0.00822764     0.000116369
2.71219     0.0100483     0.000191741
3.21309     0.0117573     0.00032258
3.71516     0.0126128     0.000506257
4.38185     0.0101118     0.000610131
5.41018     0.00667363     0.00108188
6.43196     0.00346234     0.00170694
7.44673     0.00179994     0.00243845
