0.351149     0.00225992     6.4705e-05
0.449755     0.00388025     6.32536e-05
0.549151     0.00570877     6.53932e-05
0.695045     0.00861904     5.16434e-05
0.894213     0.0129748     6.09251e-05
1.11551     0.0179616     6.73913e-05
1.36508     0.0231304     8.51389e-05
1.711     0.0305004     8.39031e-05
2.20731     0.0403181     0.000139697
2.71415     0.0474948     0.000235169
3.21586     0.0515649     0.000366205
3.71845     0.0514807     0.000521216
4.39359     0.0465342     0.000599157
5.41615     0.033788     0.00102717
6.43427     0.0239364     0.00159657
7.44573     0.0196438     0.00228436
