0.351176     0.00159787     5.32697e-05
0.449789     0.00246082     5.18624e-05
0.549183     0.00365095     5.35414e-05
0.695156     0.00572152     4.22764e-05
0.894308     0.00864312     4.95342e-05
1.1156     0.0120675     5.4527e-05
1.3651     0.0156395     6.86248e-05
1.7109     0.0206985     6.74763e-05
2.20716     0.027999     0.000112052
2.71343     0.0341414     0.000185324
3.21488     0.037566     0.000303095
3.71729     0.0390011     0.000445416
4.38916     0.0354445     0.000519929
5.41355     0.0255572     0.000903088
6.43273     0.0213831     0.00141054
7.44552     0.0138103     0.00201623
