0.351176     0.00261261     0.000114376
0.449789     0.00422848     0.000112461
0.549183     0.00675814     0.000118078
0.695156     0.010626     9.36363e-05
0.894308     0.016171     0.000112667
1.1156     0.0231624     0.000125862
1.3651     0.030836     0.000159818
1.7109     0.0418305     0.000162089
2.20716     0.0579191     0.000267433
2.71343     0.0716331     0.000433369
3.21488     0.0818281     0.00069941
3.71729     0.0855052     0.00101413
4.38916     0.0772018     0.0011647
5.41355     0.0614691     0.00202563
6.43273     0.0396652     0.00340939
7.44552     0.0264481     0.00445426
