0.351074     0.00313727     0.000237683
0.449684     0.00588427     0.000250944
0.549089     0.00904352     0.000248207
0.694847     0.0139715     0.000200976
0.894063     0.0211118     0.000243506
1.11534     0.0293813     0.000274239
1.36498     0.0384645     0.000349926
1.71082     0.050209     0.000354425
2.20756     0.0664113     0.000591563
2.71472     0.0772498     0.00098137
3.21699     0.0844364     0.00138996
3.71964     0.0817903     0.00201196
4.39734     0.0729844     0.00212094
5.41886     0.0577061     0.00341977
6.43371     0.0405346     0.0067012
7.44658     0.0449653     0.00703493
