0.351174     0.00262192     0.000129398
0.449777     0.00481755     0.000127585
0.54917     0.007145     0.000136356
0.695108     0.0114348     0.00010923
0.894269     0.0177146     0.000129888
1.11557     0.0249551     0.000145925
1.36511     0.0329911     0.000185834
1.71097     0.0442121     0.000187749
2.20721     0.0604587     0.000308139
2.71376     0.0742946     0.000505218
3.21531     0.0815399     0.000812999
3.71784     0.0821476     0.00114228
4.3914     0.0780468     0.00130806
5.41499     0.0596164     0.00227791
6.43394     0.0351155     0.00358205
7.44589     0.0269148     0.00570845
