0.351149     0.0030129     0.000149086
0.449755     0.00542267     0.000151322
0.549151     0.00789534     0.000164863
0.695045     0.0122466     0.00012997
0.894213     0.0190273     0.0001561
1.11551     0.0266179     0.000174909
1.36508     0.0350114     0.000223238
1.711     0.046638     0.000224501
2.20731     0.0633448     0.000373819
2.71415     0.0757832     0.000619074
3.21586     0.083735     0.000944389
3.71845     0.0835213     0.00133579
4.39359     0.0771203     0.00150741
5.41615     0.0601576     0.00266935
6.43427     0.0395824     0.00402308
7.44573     0.0294173     0.00753732
