0.350992     0.00346918     0.00026637
0.449613     0.00593904     0.000254942
0.549029     0.0090129     0.000276332
0.694645     0.0142928     0.00021393
0.893893     0.0219014     0.000264628
1.11514     0.0301538     0.000297942
1.36483     0.0388544     0.000388952
1.7106     0.0511556     0.000390841
2.20774     0.0648298     0.000680065
2.71523     0.0745638     0.00104143
3.21772     0.0778314     0.00148153
3.72043     0.0756861     0.00197821
4.401     0.0705376     0.00222089
5.42034     0.0538499     0.00385203
6.43576     0.043279     0.0058401
7.44605     0.0287935     0.00924294
