0.350869     0.0034271     0.000639868
0.449498     0.00562172     0.000570997
0.548924     0.00897518     0.000557603
0.69429     0.0136518     0.000476746
0.89363     0.0213362     0.000579426
1.11481     0.0292148     0.000686625
1.3646     0.0392596     0.000886983
1.71038     0.0478268     0.000900221
2.20803     0.0605776     0.00153977
2.71603     0.0667732     0.00209884
3.21876     0.0746765     0.00297332
3.72152     0.0673916     0.00410355
4.40423     0.0607486     0.00458707
5.42257     0.0558996     0.00808802
6.43556     0.045362     0.0139009
7.44195     0.0470651     0.0141583
