0.351121     0.00314587     0.000200036
0.449722     0.00556112     0.000192339
0.549121     0.00830965     0.000200504
0.694954     0.0132258     0.000158909
0.894138     0.0200439     0.00019069
1.11544     0.0281276     0.000213649
1.36504     0.0369149     0.000273267
1.71096     0.0487388     0.000274816
2.20745     0.0647193     0.00046127
2.71443     0.076024     0.000775971
3.21638     0.0847234     0.0011046
3.7191     0.082938     0.00156768
4.39579     0.0743751     0.00180825
5.41696     0.0542499     0.00295291
6.43514     0.040009     0.00507808
7.44481     0.0291807     0.00659555
