0.351143     0.001773     8.71816e-05
0.449796     0.00328104     8.70248e-05
0.549182     0.00508391     9.46339e-05
0.695222     0.00859139     7.25157e-05
0.894435     0.0135725     8.69763e-05
1.11558     0.0196021     9.7302e-05
1.365     0.02657     0.000123322
1.71047     0.0366229     0.000125758
2.20697     0.0516258     0.000207264
2.71264     0.065742     0.000336043
3.21374     0.0758175     0.000556583
3.71594     0.0801672     0.000829595
4.38469     0.0779245     0.000989148
5.41136     0.0582078     0.00170891
6.43228     0.03851     0.00293712
7.445     0.0280376     0.00385182
