0.351167     0.00216019     0.000100421
0.449796     0.00393259     0.00010068
0.549188     0.00600618     0.000105912
0.695179     0.00969184     8.45627e-05
0.894348     0.0152148     0.000100176
1.1156     0.0216921     0.000111555
1.36506     0.0289582     0.000141435
1.7107     0.039419     0.000144128
2.20702     0.055239     0.000236072
2.71309     0.0688446     0.000384043
3.21435     0.0791646     0.00062729
3.71663     0.0833309     0.000927401
4.38708     0.0787197     0.00108788
5.4123     0.059968     0.00185394
6.43254     0.041891     0.0028477
7.4466     0.0352932     0.00431043
