0.35109     0.00133268     7.73e-05
0.449785     0.00256289     7.80412e-05
0.549178     0.00416505     8.50041e-05
0.695345     0.00709091     6.77692e-05
0.894656     0.0116867     7.92935e-05
1.11553     0.0169758     8.87937e-05
1.36491     0.0231962     0.000112535
1.71027     0.0320008     0.000114451
2.20674     0.0457507     0.000189136
2.71219     0.0586244     0.000308447
3.21309     0.0687447     0.000504702
3.71516     0.0734293     0.00078867
4.38185     0.0723182     0.000947756
5.41018     0.053951     0.00161607
6.43196     0.0417829     0.00274835
7.44673     0.0213568     0.00481067
