0.351174     0.000560535     0.000101824
0.449777     0.0014028     9.92123e-05
0.54917     0.00214178     0.000102088
0.695108     0.00375021     7.99742e-05
0.894269     0.00646687     9.34569e-05
1.11557     0.00954319     0.000101898
1.36511     0.0134559     0.00012856
1.71097     0.019111     0.000123769
2.20721     0.0277959     0.000210658
2.71376     0.0354015     0.000358613
3.21531     0.0400936     0.000578198
3.71784     0.042876     0.000832736
4.3914     0.0386943     0.000962329
5.41499     0.0290164     0.00165966
6.43394     0.0174246     0.00259617
7.44589     0.00885257     0.00370017
