0.351167     0.000538168     8.08902e-05
0.449796     0.000833416     7.89217e-05
0.549188     0.00156607     8.11296e-05
0.695179     0.00252408     6.36835e-05
0.894348     0.0041499     7.38869e-05
1.1156     0.00660769     8.03145e-05
1.36506     0.00926957     0.000100852
1.7107     0.0132183     9.66744e-05
2.20702     0.0196516     0.000164504
2.71309     0.0252477     0.000275772
3.21435     0.0304119     0.000461831
3.71663     0.0310623     0.000694845
4.38708     0.0300014     0.000818014
5.4123     0.0220481     0.00142921
6.43254     0.0140232     0.00224295
7.4466     0.0085866     0.00320751
