0.350992     0.000878914     0.000211098
0.449613     0.00153797     0.000207814
0.549029     0.00288759     0.000216633
0.694645     0.00482124     0.00016968
0.893893     0.00800006     0.000202987
1.11514     0.0124226     0.000224968
1.36483     0.0169108     0.000291408
1.7106     0.02322     0.000283098
2.20774     0.0324611     0.000511575
2.71523     0.0375225     0.000808538
3.21772     0.0407976     0.00114371
3.72043     0.0405617     0.00158996
4.401     0.0327414     0.00178624
5.42034     0.0218928     0.00301065
6.43576     0.0144901     0.00464882
7.44605     0.0130177     0.00663591
