0.351176     0.000484926     8.88008e-05
0.449789     0.0012363     8.65615e-05
0.549183     0.0018837     8.91833e-05
0.695156     0.00320085     6.97742e-05
0.894308     0.00542935     8.13533e-05
1.1156     0.00827216     8.84794e-05
1.3651     0.0115304     0.000111284
1.7109     0.0163297     0.000106923
2.20716     0.0238468     0.000181855
2.71343     0.0307607     0.000306791
3.21488     0.0359854     0.000506147
3.71729     0.03735     0.000743314
4.38916     0.0357033     0.000867038
5.41355     0.024933     0.00150213
6.43273     0.0173451     0.00235078
7.44552     0.012865     0.00337089
