0.35109     -0.000262673     -0.000107172
0.449785     -8.49618e-05     -3.01844e-05
0.549178     0.000414573     0.000104409
0.695345     0.00134234     0.000120227
0.894656     0.00290734     0.000156525
1.11553     0.00540539     0.000179762
1.36491     0.0090369     0.000246794
1.71027     0.0141238     0.000258079
2.20674     0.0226922     0.000441079
2.71219     0.0322002     0.000741038
3.21309     0.0384712     0.00121225
3.71516     0.0447612     0.00186723
4.38185     0.0454773     0.00236468
5.41018     0.0350846     0.00379313
6.43196     0.0249216     0.00560695
7.44673     0.0180796     0.013941
