0.351174     0.000393737     0.000247959
0.449777     0.001149     0.000195552
0.54917     0.00214573     0.000245789
0.695108     0.00373435     0.00022121
0.894269     0.00656331     0.000269734
1.11557     0.010277     0.000314281
1.36511     0.0151662     0.000414212
1.71097     0.0220104     0.000423949
2.20721     0.0336865     0.000692872
2.71376     0.0425618     0.00115974
3.21531     0.0531791     0.00184456
3.71784     0.0513352     0.00263965
4.3914     0.0471687     0.00278133
5.41499     0.0355679     0.00550434
6.43394     0.0277235     0.0129136
7.44589     0.00553132     0.00588459
