0.351167     0.000255534     9.04137e-05
0.449796     0.000592424     0.000237556
0.549188     0.00133353     0.000154526
0.695179     0.00254068     0.000161489
0.894348     0.00516332     0.000203493
1.1156     0.00817768     0.000248536
1.36506     0.0118937     0.000312946
1.7107     0.0186089     0.000327763
2.20702     0.0286797     0.000547466
2.71309     0.0391815     0.000898597
3.21435     0.0467312     0.00146796
3.71663     0.0502366     0.00216188
4.38708     0.0495891     0.00239576
5.4123     0.0339388     0.00403173
6.43254     0.0178257     0.00622388
7.4466     0.00730078     0.0133091
