0.351074     0.00118244     0.000384812
0.449684     0.000982785     0.000264044
0.549089     0.00204138     0.000690771
0.694847     0.00462555     0.00048736
0.894063     0.00806581     0.000551666
1.11534     0.0131818     0.000643108
1.36498     0.0174789     0.000854637
1.71082     0.0247487     0.000874478
2.20756     0.0374979     0.0014748
2.71472     0.0450719     0.00247963
3.21699     0.0473741     0.00375743
3.71964     0.0533545     0.00490021
4.39734     0.0421631     0.0050384
5.41886     0.0262503     0.00818912
6.43371     0.018639     0.0173548
7.44658     0.0124721     0.00900774
