0.351121     0.000337678     0.000454131
0.449722     0.00125612     0.000374821
0.549121     0.00213373     0.000496539
0.694954     0.00510498     0.000346913
0.894138     0.00859722     0.000418754
1.11544     0.0128745     0.000513693
1.36504     0.0180894     0.000628149
1.71096     0.0251187     0.000660857
2.20745     0.0377874     0.00112697
2.71443     0.0467849     0.00188343
3.21638     0.0510885     0.00269418
3.7191     0.0553066     0.00394105
4.39579     0.0487916     0.00431944
5.41696     0.0290433     0.00727126
6.43514     0.0210797     0.0119354
7.44481     -0.00208308     -0.00733033
