0.350992     9.53229e-05     0.000282562
0.449613     0.00103206     0.000632819
0.549029     0.00277583     0.000581275
0.694645     0.00504787     0.000538831
0.893893     0.00865732     0.000696881
1.11514     0.0128378     0.000811059
1.36483     0.0172734     0.00106469
1.7106     0.0247254     0.00110493
2.20774     0.0360779     0.00197256
2.71523     0.0395158     0.00321014
3.21772     0.0483561     0.00388166
3.72043     0.0482331     0.00494042
4.401     0.0377456     0.0065785
5.42034     0.0206004     0.0347778
6.43576     0.00701086     0.0233922
7.44605     -0.00999092     -0.00561304
