0.351176     0.000209381     0.000106874
0.449789     0.000688203     0.000168772
0.549183     0.00145807     0.000193608
0.695156     0.00336099     0.000198734
0.894308     0.00582308     0.000225822
1.1156     0.00960305     0.000272958
1.3651     0.0135753     0.000352656
1.7109     0.0206879     0.000366955
2.20716     0.0302307     0.000612061
2.71343     0.041003     0.00100954
3.21488     0.0489507     0.00167804
3.71729     0.0496866     0.00231786
4.38916     0.0512111     0.00274664
5.41355     0.0402613     0.00492783
6.43273     0.0257492     0.0062611
7.44552     0.00530016     0.147508
