0.350869     -0.000405449     -0.00117457
0.449498     0.00171039     0.000660398
0.548924     0.0021878     0.00176517
0.69429     0.00410406     0.00146369
0.89363     0.00865857     0.00141687
1.11481     0.0116377     0.00194871
1.3646     0.0177152     0.00274151
1.71038     0.0195449     0.00267703
2.20803     0.0237296     0.00473109
2.71603     0.0262226     0.00936938
3.21876     0.0346917     0.00845049
3.72152     0.0389268     0.0102614
4.40423     0.012558     0.0298347
5.42257     -0.00179734     -0.0138301
6.43556     -0.0409888     -0.051178
7.44195     0.00726894     0.026772
