0.351149     0.000433395     0.000236857
0.449755     0.000951306     0.000266227
0.549151     0.00215199     0.000311119
0.695045     0.00452273     0.000281829
0.894213     0.00758056     0.000353247
1.11551     0.0116237     0.000380144
1.36508     0.0165394     0.000518884
1.711     0.0241913     0.000520497
2.20731     0.0356331     0.000873304
2.71415     0.0451895     0.00139336
3.21586     0.0540017     0.00217497
3.71845     0.0550695     0.00293163
4.39359     0.0410954     0.00318439
5.41615     0.0337947     0.00534469
6.43427     0.022902     0.00872825
7.44573     0.00785797     0.0086497
