0.351143     -0.000305017     -0.000268384
0.449796     0.000305336     7.72708e-05
0.549182     0.000697996     0.000118426
0.695222     0.00191435     0.000141631
0.894435     0.00402717     0.00018658
1.11558     0.00705     0.000202821
1.365     0.0102214     0.0002726
1.71047     0.0158971     0.000283785
2.20697     0.0253302     0.000489686
2.71264     0.0343101     0.000794381
3.21374     0.0417085     0.00135717
3.71594     0.0487178     0.0019438
4.38469     0.0465827     0.00243471
5.41136     0.0315512     0.0044312
6.43228     0.024665     0.00612687
7.445     0.00492254     0.0276397
