0.351149     0.000107781     7.88492e-05
0.449755     0.000341591     7.71837e-05
0.549151     0.000578415     7.96867e-05
0.695045     0.000747119     6.22931e-05
0.894213     0.00152725     7.27257e-05
1.11551     0.00231528     7.90157e-05
1.36508     0.00330788     9.96595e-05
1.711     0.00486638     9.43658e-05
2.20731     0.00754646     0.000161917
2.71415     0.0094093     0.000279285
3.21586     0.0111773     0.000440999
3.71845     0.011795     0.000633399
4.39359     0.0103035     0.000728876
5.41615     0.00543993     0.00125206
6.43427     0.00425505     0.00194515
7.44573     0.00695186     0.00279114
