0.351074     0.000161119     0.000108751
0.449684     0.000445618     0.000106486
0.549089     0.000636375     0.000110453
0.694847     0.00113781     8.66345e-05
0.894063     0.0019174     0.000101503
1.11534     0.00319886     0.000111259
1.36498     0.00471895     0.000141358
1.71082     0.007043     0.000135202
2.20756     0.00978258     0.000237392
2.71472     0.0122824     0.000405347
3.21699     0.0140577     0.000604738
3.71964     0.0143501     0.000853579
4.39734     0.0118354     0.000970448
5.41886     0.00967687     0.0016545
6.43371     0.00259796     0.00254352
7.44658     0.00302167     0.00363229
