0.351143     1.37618e-05     6.18379e-05
0.449796     0.000153624     6.06422e-05
0.549182     9.33831e-05     6.21933e-05
0.695222     0.000173814     4.91819e-05
0.894435     0.000372712     5.67106e-05
1.11558     0.000558988     6.11101e-05
1.365     0.000733393     7.61657e-05
1.71047     0.00121409     7.18571e-05
2.20697     0.00201153     0.000122706
2.71264     0.0024152     0.00020536
3.21374     0.00317961     0.000348706
3.71594     0.00248324     0.000540861
4.38469     0.00335236     0.000645672
5.41136     0.00161333     0.00114151
6.43228     0.00209798     0.00179153
7.445     0.000736674     0.00257348
