0.350992     0.000111594     0.000106528
0.449613     0.000468395     0.000104881
0.549029     0.000786262     0.000109441
0.694645     0.00122587     8.54884e-05
0.893893     0.00251583     0.000101853
1.11514     0.00350667     0.000112259
1.36483     0.00525094     0.00014511
1.7106     0.00734988     0.000139036
2.20774     0.0106003     0.00025206
2.71523     0.0133554     0.000404471
3.21772     0.0147513     0.000579493
3.72043     0.0141267     0.000812422
4.401     0.010658     0.000914905
5.42034     0.00814909     0.00154384
6.43576     0.00496947     0.00237858
7.44605     0.00577247     0.00338164
