0.35109     0.000142777     7.35156e-05
0.449785     -0.000113422     -7.19423e-05
0.549178     -3.93508e-05     -7.40114e-05
0.695345     3.87238e-05     5.85102e-05
0.894656     0.000167742     6.74695e-05
1.11553     0.000233379     7.27103e-05
1.36491     0.000358317     9.0658e-05
1.71027     0.00043277     8.54202e-05
2.20674     0.000757384     0.000146101
2.71219     0.00101183     0.000245302
3.21309     0.00189627     0.000415811
3.71516     0.00208749     0.000659384
4.38185     0.00168388     0.00079727
5.41018     0.00103608     0.00141476
6.43196     0.000841054     0.00224023
7.44673     0.00214771     0.00316843
