0.351121     3.18585e-05     9.12171e-05
0.449722     0.000273205     8.92832e-05
0.549121     0.000611925     9.25161e-05
0.694954     0.000937904     7.20397e-05
0.894138     0.00188094     8.4703e-05
1.11544     0.00282583     9.22038e-05
1.36504     0.00414429     0.000116737
1.71096     0.00584964     0.000110825
2.20745     0.00914776     0.000192388
2.71443     0.0114902     0.000332657
3.21638     0.0132632     0.000508674
3.7191     0.0127039     0.000722372
4.39579     0.0111828     0.000826204
5.41696     0.0101997     0.00141896
6.43514     0.00414398     0.00218562
7.44481     0.00290139     0.00313639
