0.351149     -3.54062e-05     -0.000143424
0.449755     0.000313913     0.000140267
0.549151     0.000485276     0.000144877
0.695045     0.000675323     0.000113516
0.894213     0.00124533     0.00013263
1.11551     0.00210142     0.0001442
1.36508     0.00308226     0.000182455
1.711     0.00468215     0.000173892
2.20731     0.00729124     0.000300363
2.71415     0.0100614     0.000521589
3.21586     0.0105337     0.000813051
3.71845     0.0134868     0.00115164
4.39359     0.0119245     0.00132189
5.41615     0.0071508     0.00226843
6.43427     0.00870426     0.00352313
7.44573     0.00200174     0.00506329
