0.350992     0.000901197     0.00143541
0.449613     0.00204443     0.000671076
0.549029     0.000824505     0.000709557
0.694645     0.000721608     0.00307418
0.893893     0.00340486     0.00121289
1.11514     0.0069187     0.00218418
1.36483     0.00751145     0.0026316
1.7106     0.0137919     0.00346139
2.20774     0.0171317     0.00537326
2.71523     0.0322425     0.0107304
3.21772     0.0316934     0.011721
3.72043     0.0433286     0.0161969
4.401     0.0401553     0.0156797
5.42034     0.048741     0.0297307
6.43576     -0.0176228     -0.0336964
7.44605     -0.00660418     -0.00899815
