0.350869     -0.00502127     -0.00240972
0.449498     0.00121464     0.00573812
0.548924     0.000320151     0.000426121
0.69429     0.000610699     0.00091305
0.89363     -0.00137339     -0.00213093
1.11481     0.00351553     0.00568639
1.3646     0.0135582     0.00705195
1.71038     0.00826007     0.00395926
2.20803     0.0106335     0.0169255
2.71603     0.0186915     0.0240547
3.21876     0.0288436     0.0167963
3.72152     0.0509548     0.0240966
4.40423     0.0513268     0.0782185
5.42257     0.067043     0.104799
6.43556     0.0921648     0.765714
7.44195     0.204413     0.154824
