0.351174     0.000162674     0.000195668
0.449777     -0.000438642     -0.00035469
0.54917     0.000106363     8.5986e-05
0.695108     0.00154412     0.000343573
0.894269     0.00182899     0.000639903
1.11557     0.00436434     0.00067217
1.36511     0.00718785     0.00100714
1.71097     0.0121836     0.00112528
2.20721     0.0193688     0.00202065
2.71376     0.025936     0.00318967
3.21531     0.0312148     0.00504343
3.71784     0.03696     0.00729562
4.3914     0.0274882     0.0091161
5.41499     0.028645     0.0152488
6.43394     0.00820584     0.0571094
7.44589     0.0101512     0.0175065
