0.351149     -0.00067878     -0.00206074
0.449755     0.000148196     0.000150451
0.549151     -0.000179231     -0.000336203
0.695045     0.000820116     0.000460047
0.894213     0.0036808     0.000893629
1.11551     0.00401217     0.00113175
1.36508     0.00738919     0.00133035
1.711     0.0145941     0.00181611
2.20731     0.0208375     0.0026438
2.71415     0.0274297     0.00438872
3.21586     0.0390884     0.00766705
3.71845     0.0470136     0.00868447
4.39359     0.039749     0.0113578
5.41615     0.0215615     0.0432886
6.43427     0.0231358     0.0437829
7.44573     0.0691556     0.0246929
