0.35109     -0.000716258     -0.000441659
0.449785     -0.000615614     -0.000283442
0.549178     -0.000543494     -0.000337921
0.695345     -0.000891381     -0.000506014
0.894656     0.000466547     0.000121053
1.11553     0.00166689     0.000263363
1.36491     0.00259334     0.000392688
1.71027     0.00456864     0.00063225
2.20674     0.0110726     0.00137967
2.71219     0.0141918     0.00209005
3.21309     0.02425     0.00343033
3.71516     0.0261816     0.00520179
4.38185     0.0238061     0.00601174
5.41018     0.00674519     0.00487984
6.43196     0.0217439     0.02464
7.44673     0.0273449     0.156715
