0.351121     0.000389061     0.00359134
0.449722     0.000470421     0.00139933
0.549121     0.000738575     0.000360896
0.694954     0.00206584     0.000705875
0.894138     0.00391622     0.00116839
1.11544     0.00547949     0.000985461
1.36504     0.00729468     0.00142809
1.71096     0.0116651     0.00155979
2.20745     0.0196726     0.0026835
2.71443     0.0194452     0.00426617
3.21638     0.0280808     0.00707431
3.7191     0.0351743     0.00886632
4.39579     0.0358602     0.0119677
5.41696     0.0131614     0.00789482
6.43514     -0.0047764     -0.00471036
7.44481     0.0536284     0.0317693
