0.351176     7.94902e-05     4.87887e-05
0.449789     -0.000632169     -0.000865541
0.549183     0.00042105     0.00020704
0.695156     1.7036e-05     9.22924e-06
0.894308     0.00210707     0.000486516
1.1156     0.00327045     0.000608658
1.3651     0.00701201     0.000892475
1.7109     0.0101271     0.000902269
2.20716     0.0166869     0.00153944
2.71343     0.0242818     0.0026659
3.21488     0.025784     0.0042736
3.71729     0.0388344     0.00550762
4.38916     0.0335625     0.00632611
5.41355     0.0333163     0.0077536
6.43273     0.0160648     0.0162268
7.44552     0.0391556     0.0256435
