0.351143     5.25935e-05     1.49665e-05
0.449796     -0.000613783     -0.000218771
0.549182     0.000370282     0.000113819
0.695222     -3.95857e-05     -1.15834e-05
0.894435     0.000868141     0.000180493
1.11558     0.00211947     0.000360602
1.365     0.00345588     0.000483293
1.71047     0.00885719     0.000753512
2.20697     0.0116401     0.00138602
2.71264     0.0187471     0.00244644
3.21374     0.0223522     0.00380126
3.71594     0.0306375     0.00646161
4.38469     0.0297275     0.00745082
5.41136     0.033884     0.00834422
6.43228     0.0136447     0.0247685
7.445     0.0142058     0.0813006
