0.351074     0.000565381     0.000813606
0.449684     -0.000218607     -0.000188039
0.549089     0.00270111     0.00191328
0.694847     0.00165477     0.00115493
0.894063     0.00112933     0.000382564
1.11534     0.00650127     0.00135113
1.36498     0.0106546     0.00194799
1.71082     0.0115231     0.00223564
2.20756     0.02157     0.00367017
2.71472     0.021149     0.00576181
3.21699     0.0156944     0.0213063
3.71964     0.0491364     0.0120327
4.39734     0.0184752     0.01482
5.41886     0.0293443     0.05236
6.43371     0.0271886     0.0188969
7.44658     0.0292167     0.0783495
