0.351167     0.000106374     3.83282e-05
0.449796     -0.000821471     -0.00104844
0.549188     0.00129731     0.000333888
0.695179     0.000750456     0.000161703
0.894348     0.00217278     0.00040572
1.1156     0.00373992     0.000455091
1.36506     0.00523408     0.000713281
1.7107     0.00941821     0.00081464
2.20702     0.0152778     0.00158667
2.71309     0.0226042     0.0024782
3.21435     0.0272136     0.00429215
3.71663     0.0324485     0.00532277
4.38708     0.0253383     0.007862
5.4123     0.0160578     0.0080142
6.43254     0.0194354     0.0403359
7.4466     0.0310919     0.0289046
