0.351121     3.84398e-05     0.000197929
0.449722     1.23315e-05     0.00019383
0.549121     0.000386181     0.000200649
0.694954     0.000535444     0.000156072
0.894138     0.00121564     0.00018383
1.11544     0.00196641     0.0002002
1.36504     0.00273031     0.000253982
1.71096     0.00426919     0.000241607
2.20745     0.00765392     0.000419365
2.71443     0.010635     0.000728332
3.21638     0.0105002     0.00110663
3.7191     0.0124275     0.00157036
4.39579     0.00825431     0.00179083
5.41696     0.011151     0.00307295
6.43514     0.0111692     0.00475767
7.44481     0.00106889     0.00678029
