0.351149     0.000141878     0.000157633
0.449755     -8.67809e-05     -0.00015383
0.549151     0.000462694     0.000158952
0.695045     0.000429726     0.000124146
0.894213     0.00103768     0.000144977
1.11551     0.00166835     0.000157605
1.36508     0.00226709     0.000198911
1.711     0.0041868     0.000188948
2.20731     0.00640583     0.000325702
2.71415     0.00886942     0.000563856
3.21586     0.0107703     0.000886986
3.71845     0.0100565     0.00126883
4.39359     0.0114283     0.00145997
5.41615     0.00482382     0.00250821
6.43427     0.00522481     0.00389091
7.44573     0.00303314     0.00555528
