0.351167     -0.000154149     -0.000105537
0.449796     0.000160511     0.000102986
0.549188     9.61201e-05     0.000105988
0.695179     8.9503e-05     8.31099e-05
0.894348     0.000276607     9.63538e-05
1.1156     0.000625691     0.000104176
1.36506     0.00107555     0.000130695
1.7107     0.00178871     0.000123541
2.20702     0.00298567     0.000210846
2.71309     0.0044736     0.000356274
3.21435     0.00615578     0.000599587
3.71663     0.00770681     0.00090866
4.38708     0.00587262     0.0010706
5.4123     0.00377129     0.00187673
6.43254     0.00021385     0.00294812
7.4466     -0.00535905     -0.00421378
