0.350989     0.923367     0.0266397
0.449613     0.916991     0.015005
0.549028     0.90281     0.0105011
0.694644     0.900019     0.00532384
0.893893     0.874065     0.0042425
1.11514     0.871983     0.00346072
1.36484     0.859111     0.00350201
1.71061     0.848582     0.0026778
2.20773     0.869029     0.00392513
2.71524     0.916058     0.00637963
3.2177     0.95055     0.0101237
3.72049     0.979712     0.0156817
4.40097     0.998701     0.0209495
5.42019     1.01227     0.0463517
6.43547     1.01299     0.0954745
7.44613     1.02107     0.155558
