0.351078     0.909794     0.0314746
0.449682     0.925477     0.0179731
0.549091     0.9097     0.0124908
0.69485     0.900278     0.00634584
0.894063     0.889831     0.0050049
1.11534     0.868874     0.00403047
1.36499     0.863507     0.00400142
1.71084     0.851408     0.00303006
2.20757     0.858924     0.00414043
2.71474     0.891436     0.00661438
3.21692     0.944856     0.0108214
3.71962     0.975154     0.0170512
4.39753     1.00474     0.0233626
5.41885     1.00092     0.0532322
6.43317     1.02969     0.123363
7.44592     0.987394     0.203121
