0.350868     0.883252     0.0458987
0.449497     0.86741     0.0257004
0.548927     0.881669     0.0178557
0.694293     0.883511     0.00890868
0.893632     0.857799     0.00721789
1.11481     0.853385     0.0059827
1.3646     0.853293     0.00631517
1.71041     0.851272     0.00489269
2.20805     0.891201     0.00795952
2.71603     0.937733     0.0127017
3.2187     0.971018     0.0199048
3.72149     1.01309     0.0311914
4.40412     1.00421     0.040993
5.42251     1.00138     0.0920428
6.43563     0.999692     0.166419
7.4421     1.0372     0.341746
