0.351179     1.05246     0.0394624
0.449787     0.953165     0.0222355
0.549183     0.9667     0.0155126
0.695156     0.975989     0.00790863
0.894308     0.956304     0.00609412
1.1156     0.940659     0.00477136
1.3651     0.918169     0.00456942
1.7109     0.897722     0.00334889
2.20715     0.879005     0.00410819
2.71344     0.890942     0.00581231
3.2149     0.913107     0.00937804
3.71731     0.956445     0.0157783
4.38916     0.992005     0.0215298
5.41338     1.01108     0.0558631
6.43283     0.988336     0.108309
7.44541     1.02666     0.235265
