0.351144     1.1777     0.0925541
0.449795     1.23874     0.0524483
0.549181     1.2039     0.036447
0.695221     1.2187     0.0180838
0.894437     1.21149     0.0134901
1.11558     1.19321     0.0104535
1.365     1.17619     0.00987872
1.71047     1.16942     0.00719307
2.20697     1.10808     0.00862707
2.71264     1.11523     0.0119068
3.21371     1.09494     0.0184157
3.71594     1.08073     0.0298094
4.38481     1.12189     0.04138
5.41149     1.09657     0.0938315
6.43236     1.10193     0.206174
7.44534     0.897423     0.889977
