0.351169     1.02224     0.0539307
0.449797     1.07274     0.030871
0.549189     1.09562     0.0212409
0.695177     1.06284     0.0107589
0.894347     1.04271     0.00822657
1.11561     1.01413     0.00642012
1.36507     0.987205     0.00609205
1.71072     0.967211     0.00443858
2.20703     0.95265     0.00538203
2.71309     0.940935     0.00743853
3.21434     0.972019     0.0119238
3.71657     0.99681     0.0200019
4.38714     1.03992     0.0278563
5.4123     0.99534     0.0636526
6.43295     0.99999     0.160431
7.44652     1.02927     0.278512
