0.351089     1.22285     0.28659
0.449784     1.36557     0.161286
0.549178     1.37517     0.10721
0.695344     1.55878     0.0533739
0.894655     1.51903     0.0388171
1.11553     1.52634     0.0292196
1.36491     1.53824     0.0282164
1.71027     1.51562     0.0202672
2.20674     1.48377     0.0251276
2.71217     1.47186     0.0358153
3.21308     1.41485     0.0547683
3.71516     1.3319     0.0837649
4.38185     1.34175     0.127551
5.41014     1.17959     0.278741
6.43227     1.14637     0.656622
7.44655     1.09138     1.28608
