0.351174     0.91797     0.032501
0.449778     0.942991     0.0185779
0.54917     0.920304     0.0129166
0.695109     0.942532     0.0066205
0.894266     0.921726     0.00513111
1.11557     0.897521     0.00406154
1.36511     0.886033     0.00391609
1.71099     0.870034     0.00289478
2.20721     0.855385     0.00360738
2.71375     0.876952     0.00529647
3.21535     0.905509     0.00864774
3.71783     0.950248     0.0142269
4.39143     0.986917     0.0196506
5.41505     1.01839     0.0496153
6.4337     1.01292     0.129555
7.4459     1.01979     0.214019
