0.351147     0.950516     0.0299701
0.449755     0.973162     0.0172984
0.549151     0.9401     0.01198
0.695046     0.916801     0.00610839
0.894217     0.899981     0.00476256
1.11551     0.889559     0.00378913
1.36509     0.863924     0.00366307
1.71101     0.85282     0.00273755
2.20732     0.847236     0.00348726
2.71416     0.874667     0.0052703
3.21589     0.909229     0.00860366
3.71832     0.972302     0.0143112
4.39356     0.977894     0.0192804
5.41625     1.03287     0.0488552
6.43384     1.0003     0.109506
7.44562     0.983335     0.184532
