0.351119     0.937042     0.0300322
0.44972     0.934358     0.0170075
0.549124     0.92714     0.011803
0.694952     0.914696     0.0060407
0.894137     0.888842     0.00472548
1.11544     0.882033     0.00380306
1.36504     0.857381     0.00370863
1.71096     0.845382     0.00277744
2.20745     0.846854     0.00366333
2.71444     0.871585     0.0056419
3.21641     0.93297     0.00939892
3.71905     0.970504     0.0147703
4.39587     0.996444     0.0208649
5.4174     1.00177     0.0478429
6.43465     0.986427     0.102884
7.44518     1.01328     0.208976
