0.351089     -0.828625     -1.61853
0.449784     1.6302     0.60142
0.549178     1.38993     0.388901
0.695344     1.98638     0.163358
0.894655     2.26774     0.104053
1.11553     1.95364     0.0702379
1.36491     1.96828     0.0612165
1.71027     1.89993     0.0396532
2.20674     1.84645     0.0445753
2.71217     1.85836     0.0592186
3.21308     1.81894     0.0892055
3.71516     1.5051     0.124146
4.38185     1.24738     0.13322
5.41014     0.989563     0.30548
6.43227     0.850413     0.424671
7.44655     -0.419107     -0.841955
