0.350989     1.86241     0.449953
0.449613     1.49758     0.218224
0.549028     1.7944     0.149058
0.694644     1.67802     0.0623222
0.893893     1.58407     0.0443017
1.11514     1.62448     0.0332331
1.36484     1.57785     0.0312558
1.71061     1.55027     0.0217316
2.20773     1.48993     0.0300312
2.71524     1.37728     0.0429188
3.2177     1.23245     0.0543636
3.72049     1.02891     0.0628164
4.40097     1.10521     0.0920803
5.42019     1.47452     0.362727
6.43547     0.727206     0.300188
7.44613     1.75532     1.94952
