0.351119     2.33518     0.397011
0.44972     1.97714     0.177696
0.549124     1.61595     0.10747
0.694952     1.70859     0.0481342
0.894137     1.70328     0.0337352
1.11544     1.70984     0.0245148
1.36504     1.66733     0.0226237
1.71096     1.61619     0.0152691
2.20745     1.56217     0.0189199
2.71444     1.49386     0.0270371
3.21641     1.26971     0.0367858
3.71905     1.20454     0.0498281
4.39587     1.15736     0.0641103
5.4174     0.977716     0.118331
6.43465     0.595157     0.244894
7.44518     1.59292     1.55119
