0.350868     0.301466     1.0218
0.449497     1.44183     0.575802
0.548927     1.03552     0.335439
0.694293     1.64242     0.169392
0.893632     1.62288     0.117644
1.11481     1.40374     0.0864544
1.3646     1.5213     0.0877458
1.71041     1.4742     0.0629209
2.20805     1.38068     0.092531
2.71603     1.37147     0.134693
3.2187     1.43532     0.206219
3.72149     1.46132     0.351582
4.40412     1.30334     0.420159
5.42251     1.12959     0.567769
6.43563     0.370821     1.03421
7.4421     2.23985     4.39605
