0.351169     2.39943     0.355149
0.449797     1.89026     0.188548
0.549189     2.10469     0.118065
0.695177     1.91429     0.0527598
0.894347     1.78954     0.0356187
1.11561     1.84541     0.0251844
1.36507     1.82426     0.022499
1.71072     1.77133     0.0146952
2.20703     1.73234     0.0169279
2.71309     1.60879     0.0218884
3.21434     1.53495     0.0321627
3.71657     1.29297     0.0441228
4.38714     1.15979     0.0498289
5.4123     1.02089     0.114332
6.43295     1.08175     0.293161
7.44652     0.777982     0.381696
