0.351147     1.33176     0.314111
0.449755     1.84197     0.150738
0.549151     1.77988     0.0955573
0.695046     1.78919     0.0430759
0.894217     1.73194     0.030463
1.11551     1.68029     0.0216583
1.36509     1.66408     0.0197462
1.71101     1.64132     0.0133341
2.20732     1.58265     0.0160372
2.71416     1.53226     0.022758
3.21589     1.35624     0.0315371
3.71832     1.24261     0.0431394
4.39356     1.18899     0.0539042
5.41625     1.30931     0.144274
6.43384     1.03774     0.250208
7.44562     1.66377     1.00931
