0.351078     2.02073     0.426161
0.449682     1.42387     0.195313
0.549091     1.9194     0.134489
0.69485     1.73785     0.0588421
0.894063     1.61309     0.040183
1.11534     1.69457     0.0296428
1.36499     1.63392     0.0276554
1.71084     1.56858     0.0188846
2.20757     1.50476     0.0239582
2.71474     1.42245     0.0349379
3.21692     1.25325     0.0465917
3.71962     1.2004     0.0647327
4.39753     1.10576     0.0784357
5.41885     1.25488     0.245381
6.43317     0.759082     0.235013
7.44592     0.0984122     0.295849
