0.351174     1.44988     0.3017
0.449778     1.90445     0.148245
0.54917     1.71414     0.092958
0.695109     1.78793     0.0420444
0.894266     1.811     0.0292182
1.11557     1.73483     0.0208746
1.36511     1.72282     0.0187087
1.71099     1.68348     0.0126122
2.20721     1.62037     0.0148083
2.71375     1.53974     0.0201345
3.21535     1.36748     0.0281088
3.71783     1.31142     0.0407187
4.39143     1.17674     0.0468922
5.41505     1.12047     0.101461
6.4337     1.24533     0.298296
7.4459     1.68187     1.16295
