0.351144     1.96781     0.552365
0.449795     1.59383     0.270445
0.549181     1.72805     0.163855
0.695221     1.94662     0.0728729
0.894437     1.96755     0.0487663
1.11558     1.96196     0.0337407
1.365     1.8538     0.0294593
1.71047     1.88684     0.0195133
2.20697     1.80935     0.0220399
2.71264     1.64373     0.0273786
3.21371     1.5647     0.0404365
3.71594     1.39534     0.0559165
4.38481     1.31569     0.0720001
5.41149     1.10756     0.134616
6.43236     1.86019     0.694691
7.44534     1.05318     0.592041
