0.351179     1.75135     0.3142
0.449787     1.97774     0.158049
0.549183     1.83457     0.0968213
0.695156     1.8406     0.0445754
0.894308     1.80104     0.0303758
1.1156     1.82028     0.0217992
1.3651     1.75868     0.0193008
1.7109     1.69337     0.0127362
2.20715     1.6282     0.0147992
2.71344     1.55973     0.0194465
3.2149     1.47197     0.0291471
3.71731     1.32457     0.0403779
4.38916     1.22153     0.0476492
5.41338     1.02044     0.0948955
6.43283     0.777194     0.152452
7.44541     1.02614     0.48483
