0.351144     -2.07876     -3.17219
0.449795     2.6802     1.50344
0.549181     1.49748     0.902328
0.695221     1.21885     0.352025
0.894437     1.18455     0.203203
1.11558     1.15856     0.130254
1.365     0.920008     0.102145
1.71047     1.04639     0.062572
2.20697     0.910522     0.0627558
2.71264     0.845093     0.0779799
3.21371     0.903974     0.113317
3.71594     0.840611     0.172746
4.38481     0.815268     0.209121
5.41149     1.44915     1.69674
6.43236     1.16549     2.23176
7.44534     0.606557     2.27002
