0.351078     0.660539     0.583752
0.449682     0.925262     0.249668
0.549091     0.716794     0.142765
0.69485     0.683941     0.0567781
0.894063     0.624842     0.0354802
1.11534     0.634677     0.02368
1.36499     0.631232     0.0203776
1.71084     0.618902     0.0129886
2.20757     0.614949     0.0160506
2.71474     0.707045     0.0258469
3.21692     0.780307     0.0434609
3.71962     0.92728     0.0784477
4.39753     1.00616     0.12807
5.41885     1.23203     0.40851
6.43317     -0.00802101     -3.06881
7.44592     1.87906     4.09275
