0.351144     0.996193     0.93033
0.449795     0.705832     0.451299
0.549181     1.17129     0.256462
0.695221     0.835809     0.103616
0.894437     0.820244     0.06124
1.11558     0.754597     0.0391794
1.365     0.786767     0.0318758
1.71047     0.741493     0.0190786
2.20697     0.734896     0.020121
2.71264     0.702637     0.0255842
3.21371     0.734272     0.0379164
3.71594     0.790174     0.0625498
4.38481     0.966136     0.0953201
5.41149     1.09473     0.255528
6.43236     1.04035     0.401696
7.44534     1.22265     0.975084
