0.351147     -0.460204     -0.988945
0.449755     1.05968     0.495559
0.549151     0.960652     0.281137
0.695046     0.581484     0.107481
0.894217     0.555841     0.0680507
1.11551     0.562098     0.0442542
1.36509     0.585345     0.0378779
1.71101     0.588585     0.0234636
2.20732     0.563527     0.0263227
2.71416     0.664276     0.0375732
3.21589     0.764795     0.0679007
3.71832     0.817816     0.106952
4.39356     0.956511     0.169119
5.41625     0.94088     0.563583
6.43384     0.89096     0.543058
7.44562     1.5629     5.41395
