0.351147     0.264944     0.597142
0.449755     1.01055     0.270285
0.549151     0.803317     0.151008
0.695046     0.689527     0.0614127
0.894217     0.735423     0.0378873
1.11551     0.696778     0.0248452
1.36509     0.634401     0.0206324
1.71101     0.60232     0.0127028
2.20732     0.621592     0.0143622
2.71416     0.640294     0.0207473
3.21589     0.711288     0.0346934
3.71832     0.887211     0.0660968
4.39356     0.875321     0.0886397
5.41625     0.889206     0.275588
6.43384     0.988248     0.787797
7.44562     0.964942     0.714445
