0.351089     31.6373     19.288
0.449784     -16.1718     -8.73735
0.549178     -1.49534     -3.71834
0.695344     1.24934     1.54678
0.894655     0.865671     0.876014
1.11553     1.49874     0.519702
1.36491     1.50997     0.42317
1.71027     0.97734     0.255208
2.20674     1.20152     0.258398
2.71217     1.20887     0.293251
3.21308     1.63275     0.429996
3.71516     1.63696     0.726045
4.38185     1.62629     1.11938
5.41014     1.0917     0.898121
6.43227     2.33227     7.15543
7.44655     0.457631     1.54144
