0.351169     2.0763     1.67046
0.449797     0.0907175     0.710765
0.549189     0.750844     0.389617
0.695177     0.995719     0.161112
0.894347     0.868876     0.097744
1.11561     0.889295     0.0627986
1.36507     0.727885     0.0504651
1.71072     0.705579     0.0302987
2.20703     0.6923     0.0313027
2.71309     0.771308     0.0401045
3.21434     0.798339     0.0590518
3.71657     0.742684     0.101751
4.38714     0.963455     0.158764
5.4123     1.03606     0.34354
6.43295     1.15475     1.36438
7.44652     0.727797     0.717876
