0.351078     -0.182526     -1.15308
0.449682     -0.471423     -0.723597
0.549091     0.818036     0.470173
0.69485     0.546283     0.162637
0.894063     0.413253     0.0974322
1.11534     0.578667     0.0695319
1.36499     0.527211     0.059891
1.71084     0.49142     0.0382934
2.20757     0.523001     0.0469062
2.71474     0.59822     0.0761494
3.21692     0.641809     0.12254
3.71962     0.842504     0.24646
4.39753     0.557955     0.290912
5.41885     0.838378     0.48735
6.43317     0.167588     1.7768
7.44592     1.04673     0.830714
