0.351174     1.24064     0.735006
0.449778     0.761221     0.31376
0.54917     0.664575     0.181178
0.695109     0.790088     0.0728218
0.894266     0.710756     0.0448808
1.11557     0.6473     0.029239
1.36511     0.618372     0.0241624
1.71099     0.657451     0.0146912
2.20721     0.642447     0.0161162
2.71375     0.674663     0.0224695
3.21535     0.700542     0.0371248
3.71783     0.848661     0.0651195
4.39143     0.909533     0.0941663
5.41505     0.998689     0.300886
6.4337     0.63938     1.09067
7.4459     8.68362     182.431
