0.350989     -3.74438     -25.4189
0.449613     0.581843     0.87991
0.549028     0.713233     0.381037
0.694644     0.398816     0.199509
0.893893     0.245575     0.133316
1.11514     0.432801     0.088375
1.36484     0.440664     0.0740973
1.71061     0.370077     0.0478666
2.20773     0.503648     0.0658201
2.71524     0.552092     0.10848
3.2177     0.6411     0.173852
3.72049     0.804461     0.410008
4.40097     0.91705     0.308595
5.42019     0.836735     0.815653
6.43547     0.883971     1.52834
7.44613     0.534022     3.47712
