0.351174     0.360975     1.1699
0.449778     0.994831     0.441471
0.54917     0.525885     0.226748
0.695109     0.689674     0.09917
0.894266     0.647788     0.0594797
1.11557     0.669894     0.0394451
1.36511     0.622604     0.0329376
1.71099     0.605773     0.0201922
2.20721     0.588762     0.0226777
2.71375     0.642937     0.0305165
3.21535     0.680273     0.0497975
3.71783     0.819814     0.0916101
4.39143     0.853025     0.114499
5.41505     0.811964     0.351493
6.4337     0.691308     1.29366
7.4459     1.24931     2.43799
