0.351169     0.633967     0.757517
0.449797     1.29731     0.39979
0.549189     1.2381     0.236514
0.695177     0.806121     0.0961828
0.894347     0.836627     0.0587705
1.11561     0.836452     0.0375052
1.36507     0.739839     0.0310058
1.71072     0.670374     0.0185618
2.20703     0.668077     0.0195925
2.71309     0.698358     0.0251721
3.21434     0.754751     0.0384359
3.71657     0.798201     0.0685369
4.38714     0.917597     0.107186
5.4123     1.11409     0.330856
6.43295     0.887455     0.394964
7.44652     0.989772     1.21258
