0.351119     0.487142     1.08168
0.44972     -0.398322     -0.510028
0.549124     0.593918     0.322883
0.694952     0.597348     0.133302
0.894137     0.55324     0.079905
1.11544     0.48226     0.0530964
1.36504     0.502696     0.0450934
1.71096     0.506671     0.0290955
2.20745     0.544024     0.034653
2.71444     0.638997     0.0498106
3.21641     0.673555     0.0871517
3.71905     0.756067     0.16511
4.39587     0.920013     0.209272
5.4174     0.760091     0.623241
6.43465     1.11179     1.76894
7.44518     1.20951     1.4727
