0.350868     0.314401     3.03752
0.449497     -0.771638     -1.02705
0.548927     1.54503     3.13878
0.694293     0.314977     0.659278
0.893632     0.0890164     0.412471
1.11481     0.431364     0.268785
1.3646     0.656501     0.30168
1.71041     0.409989     0.170671
2.20805     0.2655     0.311284
2.71603     0.88767     0.47184
3.2187     0.870999     1.42265
3.72149     0.838819     0.416296
4.40412     1.42238     2.39287
5.42251     0.889372     1.18345
6.43563     -0.567065     -7.28478
7.4421     0.810434     1.77839
