0.351179     -0.112054     -1.0778
0.449787     1.78846     0.427277
0.549183     0.799377     0.247869
0.695156     0.883194     0.098961
0.894308     0.816011     0.0609554
1.1156     0.750256     0.0389652
1.3651     0.783117     0.032155
1.7109     0.711693     0.0193932
2.20715     0.670159     0.0205154
2.71344     0.66148     0.0265802
3.2149     0.733792     0.0425358
3.71731     0.800026     0.0775426
4.38916     1.07161     0.131873
5.41338     1.02958     0.38736
6.43283     1.07619     1.42878
7.44541     0.828877     0.89719
