0.351179     -0.715438     -0.867429
0.449787     1.05737     0.417982
0.549183     0.597278     0.23185
0.695156     0.801147     0.0924815
0.894308     0.778231     0.0561351
1.1156     0.7346     0.037424
1.3651     0.671532     0.0308433
1.7109     0.675355     0.018722
2.20715     0.650559     0.0204372
2.71344     0.622376     0.0264111
3.2149     0.71194     0.0415371
3.71731     0.892552     0.0770037
4.38916     0.909436     0.105718
5.41338     0.930651     0.352086
6.43283     0.939123     0.540838
7.44541     1.24246     2.28687
