0.350989     0.170984     0.498472
0.449613     0.785932     0.206663
0.549028     0.9635     0.119637
0.694644     0.66759     0.0475216
0.893893     0.708837     0.0300076
1.11514     0.613947     0.0203124
1.36484     0.630029     0.0180911
1.71061     0.577445     0.0117478
2.20773     0.646674     0.0157497
2.71524     0.696228     0.0255209
3.2177     0.87388     0.0460446
3.72049     0.851696     0.0692036
4.40097     0.899882     0.114663
5.42019     0.958956     0.294668
6.43547     1.45855     1.37006
7.44613     1.42696     1.21663
