0.350868     -0.109234     -0.982333
0.449497     0.78385     0.388045
0.548927     0.692877     0.211013
0.694293     0.732182     0.0896086
0.893632     0.488893     0.05747
1.11481     0.678848     0.0399747
1.3646     0.62973     0.036866
1.71041     0.572757     0.0243624
2.20805     0.668005     0.0393316
2.71603     0.761116     0.0672068
3.2187     0.88213     0.131139
3.72149     0.874736     0.173505
4.40412     0.887491     0.225463
5.42251     1.46305     0.938082
6.43563     -4.01254     -42.6375
7.4421     1.24619     2.26398
