0.351089     0.381945     1.93547
0.449784     0.54747     0.763556
0.549178     0.857678     0.367304
0.695344     0.782162     0.142395
0.894655     0.890504     0.0818007
1.11553     0.887192     0.0499299
1.36491     0.751493     0.0403889
1.71027     0.760075     0.024086
2.20674     0.70947     0.0249471
2.71217     0.723731     0.0310886
3.21308     0.807686     0.0447323
3.71516     0.847113     0.0775259
4.38185     0.930324     0.118815
5.41014     0.881878     0.356452
6.43227     1.17762     1.24759
7.44655     1.04075     1.45499
