0.351119     0.146138     0.571511
0.44972     0.533549     0.245264
0.549124     0.865952     0.138787
0.694952     0.723375     0.0566652
0.894137     0.737905     0.0348971
1.11544     0.680336     0.023322
1.36504     0.64945     0.0197602
1.71096     0.596784     0.0121778
2.20745     0.651841     0.0145283
2.71444     0.678597     0.0215575
3.21641     0.778213     0.0381616
3.71905     0.858492     0.0641507
4.39587     0.956368     0.105817
5.4174     1.04828     0.217749
6.43465     1.10594     0.666903
7.44518     0.916619     1.15963
