0.351089     -39.5601     -43.9061
0.449784     -51.5717     -45.4298
0.549178     28.3642     17.2507
0.695344     6.91348     6.17119
0.894655     10.1334     3.09401
1.11553     -1.51712     -1.7032
1.36491     2.77866     1.37106
1.71027     2.1639     0.732968
2.20674     1.30643     0.659201
2.71217     3.84171     0.735063
3.21308     1.23619     0.752217
3.71516     4.08177     5.2841
4.38185     1.33944     2.38714
5.41014     3.64973     14.2666
6.43227     12.3853     407.206
7.44655     0.696111     1.2165
