0.351169     -8.85095     -10.2829
0.449797     8.96839     4.50656
0.549189     -0.669092     -2.59628
0.695177     1.44689     0.949968
0.894347     1.43475     0.509401
1.11561     1.9476     0.29773
1.36507     1.93735     0.229776
1.71072     1.6951     0.126332
2.20703     1.5776     0.11765
2.71309     1.64199     0.137
3.21434     1.7056     0.218772
3.71657     1.36621     0.267133
4.38714     1.45754     0.383668
5.4123     0.768024     0.579581
6.43295     1.61599     4.57729
7.44652     0.889014     2.16646
