0.351078     11.2103     16.2704
0.449682     -0.686464     -3.36593
0.549091     0.299999     1.56421
0.69485     2.04948     0.626305
0.894063     1.33614     0.352955
1.11534     1.32655     0.210665
1.36499     1.45117     0.170759
1.71084     1.3363     0.101514
2.20757     1.37113     0.111133
2.71474     1.36191     0.154707
3.21692     1.06776     0.181486
3.71962     1.42495     0.35256
4.39753     1.20252     0.633061
5.41885     1.04459     0.926992
6.43317     1.99724     5.68781
7.44592     0.0898465     4.68395
