0.351174     1.17251     9.79346
0.449778     4.39351     2.75851
0.54917     -1.12457     -1.64587
0.695109     1.96436     0.557087
0.894266     2.05967     0.301039
1.11557     1.43835     0.178219
1.36511     1.71722     0.137813
1.71099     1.68014     0.0803514
2.20721     1.47193     0.0758334
2.71375     1.55106     0.0934489
3.21535     1.46086     0.142517
3.71783     1.28998     0.19989
4.39143     1.02351     0.223293
5.41505     1.08762     0.362
6.4337     1.43432     1.35897
7.4459     0.665974     2.25902
