0.351179     4.76843     7.42133
0.449787     -0.384969     -3.66503
0.549183     2.29561     1.7271
0.695156     2.39444     0.660423
0.894308     1.65364     0.355086
1.1156     1.45572     0.213183
1.3651     1.58768     0.162768
1.7109     1.47889     0.0907802
2.20715     1.53984     0.0886423
2.71344     1.26705     0.0991674
3.2149     1.58953     0.15691
3.71731     1.15756     0.173037
4.38916     1.18943     0.332296
5.41338     1.64289     1.08255
6.43283     1.03587     0.744229
7.44541     0.962123     3.4047
