0.351147     14.2163     13.5185
0.449755     -2.33613     -2.69208
0.549151     1.7631     1.40038
0.695046     2.01889     0.506623
0.894217     2.18355     0.287538
1.11551     1.81397     0.175656
1.36509     1.35693     0.132804
1.71101     1.59109     0.0778874
2.20732     1.49605     0.077576
2.71416     1.31184     0.0879975
3.21589     1.16716     0.134015
3.71832     1.09385     0.204941
4.39356     1.26423     0.270605
5.41625     0.935608     0.550188
6.43384     0.910342     0.760714
7.44562     0.895795     1.21965
