0.351144     -48.9547     -39.3708
0.449795     10.2849     8.12946
0.549181     1.39376     4.92819
0.695221     3.02819     1.72216
0.894437     1.67289     0.895221
1.11558     1.60959     0.525006
1.365     2.22674     0.394765
1.71047     2.12979     0.221931
2.20697     2.09662     0.205164
2.71264     1.71279     0.234147
3.21371     1.89924     0.33301
3.71594     1.05433     0.32256
4.38481     1.22724     0.396933
5.41149     0.243845     10.0161
6.43236     1.47063     3.74544
7.44534     0.877753     1.12665
