0.351119     1.3487     9.69964
0.44972     -2.15842     -2.99705
0.549124     2.91028     1.53208
0.694952     1.6893     0.545975
0.894137     1.69837     0.305163
1.11544     1.60606     0.183653
1.36504     1.46384     0.139903
1.71096     1.45251     0.0851768
2.20745     1.5337     0.0920847
2.71444     1.52094     0.123883
3.21641     1.24192     0.180525
3.71905     1.15813     0.231056
4.39587     1.12284     0.328117
5.4174     1.18937     0.613228
6.43465     0.969945     0.63263
7.44518     0.648129     1.61819
