0.350989     2.35265     5.45237
0.449613     -1.90869     -3.70462
0.549028     2.24614     1.70257
0.694644     0.829677     0.717961
0.893893     0.976234     0.379276
1.11514     1.33205     0.254348
1.36484     1.04472     0.196991
1.71061     1.18582     0.117188
2.20773     1.102     0.134905
2.71524     1.13642     0.199368
3.2177     1.10023     0.318289
3.72049     1.22264     0.366377
4.40097     1.11943     0.692792
5.42019     3.08184     11.5394
6.43547     0.240361     2.92833
7.44613     1.35696     3.01072
