0.350868     -12.8827     -17.9089
0.449497     -2.01735     -7.24176
0.548927     16.7344     61.5252
0.694293     0.319625     1.77768
0.893632     1.27441     1.40297
1.11481     0.57626     0.797504
1.3646     1.04527     0.551837
1.71041     1.10674     0.382512
2.20805     0.757476     0.488454
2.71603     0.634127     0.559163
3.2187     0.930476     0.624762
3.72149     1.57378     3.86686
4.40412     5.12232     52.0272
5.42251     0.772876     1.13325
6.43563     0.752691     0.948049
7.4421     -7.43457     -400.599
