0.351144     0.000147651     7.73943e-06
0.449795     0.000293068     7.60687e-06
0.549181     0.000499814     8.35916e-06
0.695221     0.000883393     6.04173e-06
0.894437     0.00154131     8.61201e-06
1.11558     0.00243748     1.1032e-05
1.365     0.0035279     1.66486e-05
1.71047     0.00516144     1.81117e-05
2.20697     0.00810251     4.1504e-05
2.71264     0.0114931     9.81825e-05
3.21371     0.0145698     0.000247384
3.71594     0.0185861     0.000545782
4.38481     0.0178588     0.000724848
5.41149     0.0166602     0.00147089
6.43236     0.00717607     0.00235048
7.44534     0.00834934     0.00340141
