0.351147     0.000416128     1.87713e-05
0.449755     0.000862037     1.88012e-05
0.549151     0.00140764     2.10401e-05
0.695046     0.00243551     1.58251e-05
0.894217     0.00408495     2.27569e-05
1.11551     0.0063501     2.9123e-05
1.36509     0.00902267     4.38232e-05
1.71101     0.013024     4.74351e-05
2.20732     0.0195754     0.000104684
2.71416     0.0258738     0.00024919
3.21589     0.0325753     0.000542539
3.71832     0.0365084     0.000936224
4.39356     0.0336775     0.00112223
5.41625     0.0235062     0.0020359
6.43384     0.0184688     0.00319526
7.44562     0.00877198     0.00455524
