0.350868     0.000512147     0.000148709
0.449497     0.000972893     0.000149139
0.548927     0.00169958     0.000167315
0.694293     0.0027401     0.000113065
0.893632     0.00493754     0.000167835
1.11481     0.00748038     0.000215096
1.3646     0.010506     0.000355613
1.71041     0.0141119     0.000353297
2.20805     0.0195423     0.000924063
2.71603     0.0233052     0.00175474
3.2187     0.0235269     0.00271378
3.72149     0.0197928     0.00388766
4.40412     0.0171733     0.00435023
5.42251     0.0196522     0.00737635
6.43563     0.0117557     0.0112842
7.4421     0.00907609     0.01625
