0.351078     0.000501286     3.5998e-05
0.449682     0.0010423     3.62631e-05
0.549091     0.00162098     4.0364e-05
0.69485     0.00285064     2.96401e-05
0.894063     0.0049871     4.27735e-05
1.11534     0.00761777     5.45881e-05
1.36499     0.0106822     8.34164e-05
1.71084     0.015159     8.77751e-05
2.20757     0.0223967     0.000206237
2.71474     0.0293264     0.000499319
3.21692     0.035463     0.000955536
3.71962     0.0375552     0.00150369
4.39753     0.0340744     0.00174123
5.41885     0.0201224     0.00305461
6.43317     0.0253801     0.00471991
7.44592     0.0230818     0.00674656
