0.351174     0.000366499     1.4377e-05
0.449778     0.000736395     1.43476e-05
0.54917     0.00120856     1.60234e-05
0.695109     0.00208971     1.21137e-05
0.894266     0.00356596     1.74213e-05
1.11557     0.00549423     2.23532e-05
1.36511     0.00789291     3.35632e-05
1.71099     0.0113713     3.66439e-05
2.20721     0.0173553     8.01134e-05
2.71375     0.0232938     0.00018624
3.21535     0.0298438     0.000426814
3.71783     0.0336094     0.000779784
4.39143     0.0329709     0.000953451
5.41505     0.0266535     0.00177425
6.4337     0.0150495     0.00279623
7.4459     0.00671454     0.00398318
