0.351119     0.000424326     2.5581e-05
0.44972     0.00091497     2.56395e-05
0.549124     0.00154761     2.86487e-05
0.694952     0.00269977     2.13473e-05
0.894137     0.00461018     3.07879e-05
1.11544     0.00707129     3.92614e-05
1.36504     0.00996978     5.93825e-05
1.71096     0.0143389     6.35807e-05
2.20745     0.021318     0.000144
2.71444     0.0283557     0.000347147
3.21641     0.0344499     0.000711491
3.71905     0.0383258     0.00116659
4.39587     0.0338401     0.00137108
5.4174     0.0293548     0.00245053
6.43465     0.0182486     0.00381418
7.44518     0.00660839     0.00544881
