0.350989     0.000530657     4.77601e-05
0.449613     0.00105199     4.77068e-05
0.549028     0.00165569     5.35767e-05
0.694644     0.00303295     3.80859e-05
0.893893     0.00517485     5.53845e-05
1.11514     0.00781297     7.0434e-05
1.36484     0.0110802     0.000109943
1.71061     0.015498     0.000113083
2.20773     0.0221832     0.000287918
2.71524     0.0286267     0.000649435
3.2177     0.0341731     0.0011147
3.72049     0.0390293     0.00166369
4.40097     0.0311954     0.00188768
5.42019     0.0160141     0.00324609
6.43547     0.0207242     0.00500934
7.44613     0.00740094     0.00713438
