0.351169     0.000250348     9.27015e-06
0.449797     0.000455151     9.19332e-06
0.549189     0.000753485     1.012e-05
0.695177     0.00131467     7.55904e-06
0.894347     0.00227374     1.08574e-05
1.11561     0.00353486     1.39375e-05
1.36507     0.00504894     2.09463e-05
1.71072     0.00746245     2.30436e-05
2.20703     0.0115323     5.10332e-05
2.71309     0.0158278     0.000117883
3.21434     0.0201812     0.000288363
3.71657     0.0242857     0.000595881
4.38714     0.0253776     0.000770149
5.4123     0.0193359     0.00151442
6.43295     0.012165     0.00239621
7.44652     0.0115121     0.00344852
