0.351089     5.40512e-05     7.56056e-06
0.449784     0.000143564     7.30782e-06
0.549178     0.000227955     7.89822e-06
0.695344     0.000428346     5.38389e-06
0.894655     0.00078323     7.61699e-06
1.11553     0.00125176     9.50384e-06
1.36491     0.00182053     1.46271e-05
1.71027     0.00268905     1.5394e-05
2.20674     0.00423814     3.76111e-05
2.71217     0.00577831     9.37282e-05
3.21308     0.00740011     0.00024563
3.71516     0.00947126     0.00058099
4.38185     0.0104677     0.000800603
5.41014     0.00795059     0.00168126
6.43227     0.00848054     0.00271536
7.44655     0.0050299     0.00387964
