0.351179     0.000307452     1.1321e-05
0.449787     0.000600033     1.12776e-05
0.549183     0.00100901     1.25304e-05
0.695156     0.00170891     9.45221e-06
0.894308     0.00295701     1.35923e-05
1.1156     0.00453714     1.74239e-05
1.3651     0.00654941     2.61807e-05
1.7109     0.00959992     2.88533e-05
2.20715     0.0147021     6.292e-05
2.71344     0.0201411     0.000144761
3.2149     0.0249615     0.000344182
3.71731     0.0296043     0.000668562
4.38916     0.0293312     0.000837013
5.41338     0.0245036     0.0016003
6.43283     0.021203     0.00253514
7.44541     0.0107414     0.00362211
