0.351089     3.17045e-06     1.41246e-06
0.449784     3.16478e-06     1.3749e-06
0.549178     7.90532e-06     1.5478e-06
0.695344     1.64961e-05     8.98906e-07
0.894655     3.81513e-05     1.50305e-06
1.11553     7.40205e-05     2.13278e-06
1.36491     0.000115444     3.9253e-06
1.71027     0.000205004     4.25027e-06
2.20674     0.000392909     1.56371e-05
2.71217     0.000670727     6.14037e-05
3.21308     0.00104699     0.000261497
3.71516     0.000636581     0.000773649
4.38185     0.000868141     0.00111289
5.41014     0.000657418     0.00246676
6.43227     -0.000121745     -0.00398914
7.44655     -0.0058169     -0.00575577
