0.350989     6.20881e-05     2.29917e-05
0.449613     8.99515e-05     2.31955e-05
0.549028     0.00020498     2.80204e-05
0.694644     0.000376166     1.7272e-05
0.893893     0.000852175     3.00715e-05
1.11514     0.00140953     4.27433e-05
1.36484     0.002354     8.1817e-05
1.71061     0.00383179     8.41924e-05
2.20773     0.00631948     0.000323548
2.71524     0.00818447     0.00089033
3.2177     0.00819398     0.00162432
3.72049     0.0110075     0.00247581
4.40097     0.00629887     0.00282964
5.42019     -0.00138649     -0.00492862
6.43547     -0.00269209     -0.00760592
7.44613     0.00608818     0.0108581
