0.350868     -9.66254e-05     -0.00011375
0.449497     0.000130628     0.000115295
0.548927     4.04866e-05     0.000137324
0.694293     0.000426361     7.63125e-05
0.893632     0.000662572     0.000136645
1.11481     0.00128674     0.000196967
1.3646     0.00254871     0.000415192
1.71041     0.00357107     0.000402528
2.20805     0.00518485     0.00143001
2.71603     0.00723947     0.00296576
3.2187     0.0108332     0.00473297
3.72149     0.00335193     0.00686937
4.40412     0.000769134     0.00765703
5.42251     0.014639     0.0130311
6.43563     0.0270258     0.0204206
7.4421     -0.000545903     -0.029151
