0.351078     1.92849e-05     1.29935e-05
0.449682     8.1134e-05     1.33941e-05
0.549091     0.000181333     1.60824e-05
0.69485     0.000354693     1.05498e-05
0.894063     0.000743186     1.81854e-05
1.11534     0.00136746     2.59856e-05
1.36499     0.00217532     4.75922e-05
1.71084     0.00350249     5.13543e-05
2.20757     0.00588091     0.000173933
2.71474     0.00838727     0.000583274
3.21692     0.0114359     0.00125147
3.71962     0.010468     0.00204161
4.39753     0.00610487     0.00238584
5.41885     0.00668544     0.00423118
6.43317     0.00259277     0.00658724
7.44592     0.00203325     0.00944573
