0.351179     1.63869e-05     2.54275e-06
0.449787     3.2316e-05     2.59512e-06
0.549183     7.07064e-05     3.07847e-06
0.695156     0.000144352     2.12613e-06
0.894308     0.000313646     3.61504e-06
1.1156     0.000565135     5.23811e-06
1.3651     0.000932332     9.43799e-06
1.7109     0.00158888     1.07886e-05
2.20715     0.00283293     3.31196e-05
2.71344     0.0043906     0.000113387
3.2149     0.00570383     0.000371176
3.71731     0.00807722     0.000809838
4.38916     0.00525136     0.00103871
5.41338     0.00368388     0.00204601
6.43283     0.00635574     0.00325527
7.44541     -0.00191873     -0.00468736
