0.351144     3.3096e-06     1.49149e-06
0.449795     1.31064e-05     1.48393e-06
0.549181     2.20742e-05     1.72115e-06
0.695221     4.94745e-05     1.10892e-06
0.894437     0.00011025     1.88649e-06
1.11558     0.000203538     2.69309e-06
1.365     0.00034117     4.90992e-06
1.71047     0.000575955     5.52506e-06
2.20697     0.00107713     1.82614e-05
2.71264     0.00163234     6.58326e-05
3.21371     0.00231977     0.00025521
3.71594     0.00370854     0.000678084
4.38481     0.00412598     0.000933394
5.41149     0.000214915     0.00197548
6.43236     -0.00152203     -0.00318253
7.44534     0.00543563     0.00457474
