0.351147     1.35217e-05     5.22359e-06
0.449755     6.08152e-05     5.36154e-06
0.549151     0.000120656     6.41102e-06
0.695046     0.000260527     4.43483e-06
0.894217     0.000538576     7.55404e-06
1.11551     0.000962506     1.08553e-05
1.36509     0.00160869     1.96228e-05
1.71101     0.00263219     2.19321e-05
2.20732     0.00467191     6.83789e-05
2.71416     0.00754276     0.000238145
3.21589     0.0089388     0.00063685
3.71832     0.00927725     0.00118072
4.39356     0.00897292     0.00143245
5.41625     0.00674459     0.00265666
6.43384     0.00748271     0.00417569
7.44562     0.00661869     0.00598923
