0.351174     1.421e-05     3.59327e-06
0.449778     4.96774e-05     3.65962e-06
0.54917     8.53115e-05     4.38396e-06
0.695109     0.000197022     3.02534e-06
0.894266     0.000426185     5.16498e-06
1.11557     0.00078249     7.51485e-06
1.36511     0.00128171     1.33679e-05
1.71099     0.00209821     1.52063e-05
2.20721     0.00387305     4.66801e-05
2.71375     0.00576982     0.00016038
3.21535     0.00734352     0.000479637
3.71783     0.00854915     0.000959923
4.39143     0.00825275     0.00119406
5.41505     0.00949753     0.00228068
6.4337     0.00466569     0.00360613
7.4459     -0.00275614     -0.00515596
