0.351119     2.16961e-05     8.04127e-06
0.44972     6.90461e-05     8.23986e-06
0.549124     0.000140447     9.87334e-06
0.694952     0.000305036     6.66468e-06
0.894137     0.000645212     1.15001e-05
1.11544     0.00117185     1.64597e-05
1.36504     0.00196293     2.96869e-05
1.71096     0.00308952     3.2576e-05
2.20745     0.00515332     0.000105224
2.71444     0.00756877     0.000365754
3.21641     0.0089367     0.000876321
3.71905     0.0107257     0.00152202
4.39587     0.00864452     0.00179819
5.4174     0.00840783     0.00327458
6.43465     0.0113237     0.00511048
7.44518     -0.0053884     -0.00727765
