0.351169     1.10015e-05     1.90333e-06
0.449797     2.45553e-05     1.92235e-06
0.549189     4.33379e-05     2.25687e-06
0.695177     9.28788e-05     1.53659e-06
0.894347     0.000201     2.62963e-06
1.11561     0.000373423     3.7867e-06
1.36507     0.000608826     6.80666e-06
1.71072     0.00105071     7.7431e-06
2.20703     0.0019497     2.46246e-05
2.71309     0.00294217     8.48699e-05
3.21434     0.00368394     0.000301589
3.71657     0.00521075     0.000726135
4.38714     0.00476695     0.00096223
5.4123     0.0044301     0.00196523
6.43295     0.00131684     0.00315116
7.44652     -0.00280823     -0.00451428
