0.351144     0.000569309     7.58905e-06
0.449795     0.000982492     7.70464e-06
0.549181     0.00145787     8.71894e-06
0.695221     0.0023206     7.24617e-06
0.894437     0.00366614     1.0487e-05
1.11558     0.00523238     1.3515e-05
1.365     0.00705845     1.9551e-05
1.71047     0.0096251     2.20475e-05
2.20697     0.0137747     4.42712e-05
2.71264     0.0173698     9.37073e-05
3.21371     0.0199991     0.000206935
3.71594     0.0212122     0.000401236
4.38481     0.0194127     0.000512821
5.41149     0.0156389     0.000978346
6.43236     0.0111777     0.00154279
7.44534     0.00333759     0.00220614
