0.351169     0.00100881     8.80772e-06
0.449797     0.00172577     9.2118e-06
0.549189     0.00259352     1.05827e-05
0.695177     0.00404198     9.26692e-06
0.894347     0.0062579     1.33179e-05
1.11561     0.00888647     1.73547e-05
1.36507     0.0119206     2.48105e-05
1.71072     0.0162779     2.85073e-05
2.20703     0.0229748     5.47412e-05
2.71309     0.028419     0.000110086
3.21434     0.0312801     0.000229144
3.71657     0.0312658     0.000417645
4.38714     0.0279746     0.000520634
5.4123     0.0217203     0.000969874
6.43295     0.0134691     0.00152175
7.44652     0.0111952     0.00216956
