0.351078     0.00300572     2.48461e-05
0.449682     0.00519512     2.62098e-05
0.549091     0.00780513     3.04239e-05
0.69485     0.0121659     2.65932e-05
0.894063     0.0186777     3.84837e-05
1.11534     0.0261134     4.97515e-05
1.36499     0.0342481     7.12288e-05
1.71084     0.0452253     7.95722e-05
2.20757     0.0585919     0.000151476
2.71474     0.0649028     0.000292261
3.21692     0.0648425     0.000491623
3.71962     0.0606971     0.000729328
4.39753     0.0511895     0.000832828
5.41885     0.0379652     0.00142224
6.43317     0.0252809     0.00216931
7.44592     0.0214163     0.00309377
