0.350989     0.00329605     2.65117e-05
0.449613     0.00577971     2.76661e-05
0.549028     0.00868291     3.19778e-05
0.694644     0.0135417     2.65173e-05
0.893893     0.0207274     3.85056e-05
1.11514     0.0288522     4.95309e-05
1.36484     0.0374958     7.19946e-05
1.71061     0.0488162     7.81319e-05
2.20773     0.0610226     0.00015683
2.71524     0.0659305     0.000292951
3.2177     0.0643063     0.000461033
3.72049     0.0596996     0.000661696
4.40097     0.0508299     0.000746944
5.42019     0.0386929     0.00125674
6.43547     0.0287917     0.00192824
7.44613     0.0250982     0.00272916
