0.351119     0.00268587     1.94132e-05
0.44972     0.00465983     2.05761e-05
0.549124     0.00700677     2.39544e-05
0.694952     0.0108472     2.12503e-05
0.894137     0.0166924     3.08959e-05
1.11544     0.0233421     4.00624e-05
1.36504     0.0307895     5.67697e-05
1.71096     0.0412299     6.46545e-05
2.20745     0.0543901     0.000120464
2.71444     0.0620438     0.00023315
3.21641     0.0624334     0.000408052
3.71905     0.060065     0.000623555
4.39587     0.0496041     0.000721481
5.4174     0.0370342     0.0012455
6.43465     0.0261342     0.00191064
7.44518     0.018657     0.00273641
