0.351089     0.000208017     7.47122e-06
0.449784     0.000361594     7.43015e-06
0.549178     0.000562227     8.16347e-06
0.695344     0.00089041     6.11379e-06
0.894655     0.00143202     8.63324e-06
1.11553     0.00209249     1.09854e-05
1.36491     0.00277089     1.61634e-05
1.71027     0.00379316     1.74482e-05
2.20674     0.00537981     3.87074e-05
2.71217     0.00675748     9.03283e-05
3.21308     0.00820633     0.000214751
3.71516     0.00953821     0.000447581
4.38185     0.00810937     0.000593209
5.41014     0.00654134     0.00116651
6.43227     0.00430924     0.00185274
7.44655     0.00303937     0.00263427
