0.351147     0.00234799     1.54554e-05
0.449755     0.00399754     1.64179e-05
0.549151     0.00599195     1.91417e-05
0.695046     0.0093099     1.72069e-05
0.894217     0.0142899     2.49126e-05
1.11551     0.0201409     3.24706e-05
1.36509     0.0267346     4.61058e-05
1.71101     0.0358551     5.2836e-05
2.20732     0.0483655     9.74585e-05
2.71416     0.0558432     0.000188127
3.21589     0.0580173     0.000344887
3.71832     0.0545801     0.00054513
4.39356     0.047369     0.000639592
5.41625     0.0331032     0.00111854
6.43384     0.022393     0.00172989
7.44562     0.0188507     0.00247723
