0.350868     0.00333556     5.76731e-05
0.449497     0.00591371     5.90617e-05
0.548927     0.00905959     6.76022e-05
0.694293     0.0141993     5.11134e-05
0.893632     0.0217173     7.48164e-05
1.11481     0.0299546     9.5403e-05
1.3646     0.0384628     0.000144737
1.71041     0.0490064     0.000149544
2.20805     0.0572074     0.000313816
2.71603     0.0595961     0.000536584
3.2187     0.0563009     0.000794369
3.72149     0.0512493     0.00111659
4.40412     0.0430615     0.00123945
5.42251     0.0318113     0.00206503
6.43563     0.0270361     0.00318036
7.4421     0.0191298     0.00453613
