0.351179     0.0014609     1.03975e-05
0.449787     0.00252285     1.09799e-05
0.549183     0.00375335     1.26865e-05
0.695156     0.0058351     1.13754e-05
0.894308     0.00897255     1.63979e-05
1.1156     0.0127574     2.1456e-05
1.3651     0.0169702     3.04262e-05
1.7109     0.0230835     3.51857e-05
2.20715     0.0321419     6.59657e-05
2.71344     0.0389627     0.000129082
3.2149     0.0419345     0.000256868
3.71731     0.0408325     0.000444548
4.38916     0.0364733     0.000540067
5.41338     0.025187     0.00098106
6.43283     0.0199278     0.0015295
7.44541     0.0133114     0.00218126
