0.351174     0.00193133     1.26222e-05
0.449778     0.00330944     1.33689e-05
0.54917     0.00493425     1.55283e-05
0.695109     0.00762671     1.40069e-05
0.894266     0.0117507     2.02903e-05
1.11557     0.0165481     2.6416e-05
1.36511     0.0220099     3.74533e-05
1.71099     0.0297482     4.3191e-05
2.20721     0.0407488     7.99174e-05
2.71375     0.0479846     0.000154655
3.21535     0.0505498     0.000295356
3.71783     0.048967     0.000487159
4.39143     0.0425871     0.00058041
5.41505     0.0299394     0.00103319
6.4337     0.0177332     0.00160991
7.4459     0.0152839     0.00228737
