0.350989     0.000224655     1.33755e-05
0.449613     0.000536603     1.41195e-05
0.549028     0.000971919     1.74127e-05
0.694644     0.00190515     1.25592e-05
0.893893     0.00360999     2.16562e-05
1.11514     0.00590769     3.09793e-05
1.36484     0.00863951     5.40425e-05
1.71061     0.0128438     5.93807e-05
2.20773     0.0177789     0.000162245
2.71524     0.0194335     0.000354682
3.2177     0.0178559     0.000589891
3.72049     0.0168401     0.000866591
4.40097     0.0117346     0.000981919
5.42019     0.00789199     0.00166522
6.43547     0.00332765     0.00257451
7.44613     0.0051947     0.00361666
