0.351144     2.05638e-05     1.67015e-06
0.449795     4.25847e-05     1.71255e-06
0.549181     7.28545e-05     2.06884e-06
0.695221     0.000147542     1.53532e-06
0.894437     0.000295019     2.65201e-06
1.11558     0.000497729     3.78306e-06
1.365     0.000794217     6.64171e-06
1.71047     0.00122855     7.78672e-06
2.20697     0.00211563     2.22462e-05
2.71264     0.00290187     6.86164e-05
3.21371     0.00359316     0.000207212
3.71594     0.00403743     0.000464853
4.38481     0.00412995     0.000613171
5.41149     0.00127691     0.00121468
6.43236     0.00133472     0.00192594
7.44534     -0.00144009     -0.00276663
