0.351089     4.70067e-06     1.52315e-06
0.449784     9.07332e-06     1.53065e-06
0.549178     2.08681e-05     1.77775e-06
0.695344     3.9605e-05     1.1542e-06
0.894655     8.07524e-05     1.92955e-06
1.11553     0.000146808     2.79919e-06
1.36491     0.000225321     4.95211e-06
1.71027     0.000352559     5.51786e-06
2.20674     0.000602509     1.79916e-05
2.71217     0.000920133     6.27614e-05
3.21308     0.00128799     0.000215774
3.71516     0.00153316     0.000531918
4.38185     0.00131111     0.000731222
5.41014     0.00252471     0.00150365
6.43227     0.000854239     0.00240175
7.44655     -0.00245162     -0.00340273
