0.350868     0.000223841     4.42195e-05
0.449497     0.000569515     4.53213e-05
0.548927     0.0011002     5.44834e-05
0.694293     0.00203191     3.41976e-05
0.893632     0.00382391     5.99514e-05
1.11481     0.0062345     8.4489e-05
1.3646     0.00902282     0.000154718
1.71041     0.0131893     0.000158085
2.20805     0.0156364     0.000421453
2.71603     0.0155763     0.000780248
3.2187     0.0123784     0.00118564
3.72149     0.013115     0.0016885
4.40412     0.0112736     0.00187997
5.42251     0.00599479     0.0031649
6.43563     0.000469518     0.00484107
7.4421     0.00490644     0.00695046
