0.351174     0.000101332     3.62333e-06
0.449778     0.00023237     3.90145e-06
0.54917     0.000415101     4.81671e-06
0.695109     0.000809207     3.95707e-06
0.894266     0.00153118     6.86646e-06
1.11557     0.00256478     1.00922e-05
1.36511     0.00390453     1.68792e-05
1.71099     0.00612796     2.04636e-05
2.20721     0.00969182     5.19267e-05
2.71375     0.012084     0.000135971
3.21535     0.0126784     0.000316394
3.71783     0.0120979     0.000560124
4.39143     0.0102326     0.000680753
5.41505     0.00588767     0.00123904
6.4337     0.0021261     0.00194314
7.4459     -0.000132951     -0.00277458
