0.351147     0.000140061     4.87858e-06
0.449755     0.000303545     5.31015e-06
0.549151     0.000560767     6.59565e-06
0.695046     0.00107866     5.40459e-06
0.894217     0.00205045     9.27147e-06
1.11551     0.00341176     1.36012e-05
1.36509     0.00520136     2.30399e-05
1.71101     0.00806578     2.75928e-05
2.20732     0.0124649     6.89771e-05
2.71416     0.0151328     0.000177868
3.21589     0.0156297     0.000380524
3.71832     0.0136067     0.000637239
4.39356     0.0118014     0.000756951
5.41625     0.00663429     0.00134845
6.43384     0.00376527     0.00210336
7.44562     0.00586793     0.00300167
