0.351179     6.3677e-05     2.69637e-06
0.449787     0.000157301     2.91033e-06
0.549183     0.000278511     3.58631e-06
0.695156     0.000547721     2.93093e-06
0.894308     0.00103337     5.00228e-06
1.1156     0.00175499     7.3622e-06
1.3651     0.00267688     1.24477e-05
1.7109     0.00422439     1.51692e-05
2.20715     0.00689733     3.92391e-05
2.71344     0.00914992     0.000106519
3.2149     0.0100422     0.00026797
3.71731     0.00920043     0.000507709
4.38916     0.00734137     0.000628398
5.41338     0.00442065     0.00117464
6.43283     0.00191634     0.0018532
7.44541     0.0038401     0.0026394
