0.351078     0.000198062     9.94668e-06
0.449682     0.000454774     1.06193e-05
0.549091     0.000824265     1.3218e-05
0.69485     0.00162609     1.03314e-05
0.894063     0.00306739     1.75928e-05
1.11534     0.00505916     2.55161e-05
1.36499     0.00753607     4.36424e-05
1.71084     0.0114205     5.01334e-05
2.20757     0.0165215     0.000130343
2.71474     0.018626     0.000316301
3.21692     0.0184803     0.000583955
3.71962     0.0160689     0.000895158
4.39753     0.011707     0.00103375
5.41885     0.00699537     0.00178904
6.43317     0.000898021     0.00272604
7.44592     0.00202142     0.00388004
