0.351169     3.93521e-05     2.08079e-06
0.449797     9.0158e-05     2.21762e-06
0.549189     0.000169912     2.7289e-06
0.695177     0.000323564     2.16432e-06
0.894347     0.000617441     3.67339e-06
1.11561     0.00104241     5.40687e-06
1.36507     0.00162648     9.26759e-06
1.71072     0.00257028     1.10914e-05
2.20703     0.00427028     2.98882e-05
2.71309     0.00575444     8.47541e-05
3.21434     0.0069068     0.000233217
3.71657     0.00660699     0.00047791
4.38714     0.00568644     0.000609785
5.4123     0.00499943     0.00117316
6.43295     0.00208889     0.0018566
7.44652     0.00460921     0.0026678
