0.351119     0.000169353     6.84693e-06
0.44972     0.000386655     7.41051e-06
0.549124     0.000710109     9.21889e-06
0.694952     0.00135524     7.36197e-06
0.894137     0.00259558     1.27641e-05
1.11544     0.00425454     1.8512e-05
1.36504     0.00640187     3.11487e-05
1.71096     0.0099407     3.71106e-05
2.20745     0.0147799     9.39207e-05
2.71444     0.0177637     0.000236152
3.21641     0.0172469     0.00046628
3.71905     0.0159931     0.000746132
4.39587     0.0117197     0.000870001
5.4174     0.0102792     0.00153199
6.43465     0.00528503     0.0023566
7.44518     0.00396247     0.00336919
