0.350989     1.85473e-05     9.27067e-05
0.449613     0.000363024     9.0258e-05
0.549028     0.000880216     9.89301e-05
0.694644     0.00129743     6.37996e-05
0.893893     0.002302     9.26091e-05
1.11514     0.00386759     0.000117706
1.36484     0.00597035     0.000190685
1.71061     0.00887279     0.000194786
2.20773     0.0118497     0.000499168
2.71524     0.0123871     0.00104043
3.2177     0.0120598     0.00168564
3.72049     0.00777267     0.00243828
4.40097     0.0122909     0.00276167
5.42019     0.00751174     0.00467785
6.43547     -0.00632131     -0.00722676
7.44613     -0.00334118     -0.010231
