0.351147     0.000155014     2.95267e-05
0.449755     0.000307465     2.8583e-05
0.549151     0.00055839     3.08122e-05
0.695046     0.00112979     2.04308e-05
0.894217     0.00208814     2.95172e-05
1.11551     0.0034973     3.78721e-05
1.36509     0.00519871     5.92826e-05
1.71101     0.00801397     6.35358e-05
2.20732     0.0124783     0.000151853
2.71416     0.0155721     0.000361019
3.21589     0.0149816     0.000725266
3.71832     0.0148401     0.00117878
4.39356     0.0116785     0.00139049
5.41625     0.00602794     0.00245562
6.43384     0.00942073     0.00380568
7.44562     0.00187385     0.00546175
