0.351174     0.000107439     2.1891e-05
0.449778     0.000281513     2.10982e-05
0.54917     0.00055941     2.27982e-05
0.695109     0.00100345     1.53198e-05
0.894266     0.00195     2.22045e-05
1.11557     0.00320542     2.85494e-05
1.36511     0.00484757     4.4402e-05
1.71099     0.00753061     4.87656e-05
2.20721     0.0116762     0.000113627
2.71375     0.0151511     0.000268471
3.21535     0.0159734     0.000567515
3.71783     0.0143213     0.000965011
4.39143     0.0137324     0.00115612
5.41505     0.00767919     0.00207344
6.4337     0.00305844     0.00323948
7.4459     -0.00304147     -0.00462817
