0.351179     0.00012277     1.68147e-05
0.449787     0.000250999     1.61925e-05
0.549183     0.000462229     1.74971e-05
0.695156     0.00090955     1.18476e-05
0.894308     0.00174909     1.72469e-05
1.1156     0.00284292     2.22176e-05
1.3651     0.00434943     3.46401e-05
1.7109     0.00682095     3.86174e-05
2.20715     0.0108491     8.90489e-05
2.71344     0.0144373     0.000207682
3.2149     0.0161106     0.000456276
3.71731     0.0150353     0.000815681
4.38916     0.0132244     0.000994041
5.41338     0.0071384     0.00182068
6.43283     0.00725056     0.00284717
7.44541     0.00285469     0.00408606
