0.351169     0.000122484     1.33191e-05
0.449797     0.000230107     1.28795e-05
0.549189     0.000400126     1.39035e-05
0.695177     0.000765958     9.48003e-06
0.894347     0.0014564     1.37207e-05
1.11561     0.00247879     1.78767e-05
1.36507     0.00376406     2.79039e-05
1.71072     0.00596715     3.13226e-05
2.20703     0.00980734     7.23499e-05
2.71309     0.0131794     0.000167532
3.21434     0.0152154     0.000378641
3.71657     0.0142799     0.000708349
4.38714     0.0117329     0.000886038
5.4123     0.00756816     0.0016562
6.43295     0.00888284     0.00261137
7.44652     0.00432658     0.0037193
