0.351119     0.000184189     4.25849e-05
0.44972     0.0003821     4.11722e-05
0.549124     0.000627713     4.45334e-05
0.694952     0.00118706     2.92443e-05
0.894137     0.00232244     4.23634e-05
1.11544     0.00382189     5.39294e-05
1.36504     0.00573168     8.51225e-05
1.71096     0.00849896     8.96045e-05
2.20745     0.0126074     0.000218354
2.71444     0.0157321     0.000518667
3.21641     0.0148624     0.000980777
3.71905     0.0120774     0.00153593
4.39587     0.0118024     0.00177776
5.4174     0.00629643     0.00309949
6.43465     0.00405304     0.00478378
7.44518     0.00730562     0.00684687
