0.351078     0.000229849     6.30478e-05
0.449682     0.000361364     6.11759e-05
0.549091     0.000584954     6.64327e-05
0.69485     0.00130518     4.35084e-05
0.894063     0.00256836     6.28773e-05
1.11534     0.00396955     7.97598e-05
1.36499     0.00589379     0.000126615
1.71084     0.00882634     0.000131828
2.20757     0.0128444     0.000329111
2.71474     0.0141283     0.000762748
3.21692     0.0141641     0.00135811
3.71962     0.011157     0.00204835
4.39753     0.00951763     0.00235762
5.41885     0.0109244     0.00405336
6.43317     0.00358201     0.00624468
7.44592     0.0155462     0.00891161
