0.350868     0.00030762     0.000361111
0.449497     0.000936642     0.000358821
0.548927     0.000364412     0.000393314
0.694293     0.00116201     0.00025283
0.893632     0.00223246     0.0003763
1.11481     0.0038902     0.000487793
1.3646     0.00476174     0.000790683
1.71041     0.00785366     0.00081105
2.20805     0.0075678     0.0018839
2.71603     0.00982547     0.00333417
3.2187     0.00470699     0.0049503
3.72149     0.0221156     0.00705171
4.40412     -0.00569114     -0.00779714
5.42251     0.0148098     0.0130742
6.43563     0.00319972     0.0202179
7.4421     -0.0211737     -0.0292319
