0.351144     8.72297e-05     1.05819e-05
0.449795     0.000175202     1.01736e-05
0.549181     0.000320448     1.10537e-05
0.695221     0.00061986     7.51984e-06
0.894437     0.00121632     1.08867e-05
1.11558     0.00205953     1.42055e-05
1.365     0.00317703     2.22039e-05
1.71047     0.00503598     2.50779e-05
2.20697     0.00829763     5.81477e-05
2.71264     0.0111851     0.000134719
3.21371     0.0132018     0.000311843
3.71594     0.0137454     0.00061558
4.38481     0.0120883     0.000788392
5.41149     0.00885875     0.00151012
6.43236     0.00859945     0.00238294
7.44534     0.00555772     0.00342452
