0.351089     3.86382e-05     8.95174e-06
0.449784     9.62417e-05     8.58578e-06
0.549178     0.000206649     9.21548e-06
0.695344     0.000420226     6.17507e-06
0.894655     0.000844569     8.88553e-06
1.11553     0.00149297     1.15214e-05
1.36491     0.00230901     1.80408e-05
1.71027     0.00367346     2.024e-05
2.20674     0.00614685     4.79706e-05
2.71217     0.008495     0.000113913
3.21308     0.0105041     0.00027278
3.71516     0.0106715     0.000568793
4.38185     0.00914814     0.0007499
5.41014     0.00559998     0.00147445
6.43227     0.00292051     0.00234866
7.44655     0.00332283     0.00334194
