0.351169     0.00103125     5.36642e-05
0.449797     0.00185131     5.23792e-05
0.549189     0.00284151     5.39176e-05
0.695177     0.00429598     4.25397e-05
0.894347     0.0065252     4.99317e-05
1.11561     0.00901203     5.48939e-05
1.36507     0.0117681     6.92106e-05
1.71072     0.0157441     6.83217e-05
2.20703     0.0218869     0.000113894
2.71309     0.0267405     0.000185899
3.21434     0.0304049     0.000300465
3.71657     0.0311661     0.000467538
4.38714     0.0290913     0.000561102
5.4123     0.0216191     0.000989923
6.43295     0.0134689     0.00153419
7.44652     0.0115229     0.00217612
