0.351147     0.0022318     6.88413e-05
0.449755     0.00389026     6.73488e-05
0.549151     0.00563304     6.9631e-05
0.695046     0.00853533     5.50441e-05
0.894217     0.0128606     6.50415e-05
1.11551     0.0179165     7.20191e-05
1.36509     0.0230967     9.12743e-05
1.71101     0.0305779     9.04292e-05
2.20732     0.040977     0.00015053
2.71416     0.0488442     0.000246993
3.21589     0.052751     0.000390558
3.71832     0.0530684     0.000575258
4.39356     0.0463219     0.000666504
5.41625     0.0341915     0.00113204
6.43384     0.0223996     0.00173756
7.44562     0.0185366     0.00248331
