0.351174     0.0017729     6.17069e-05
0.449778     0.00312077     6.02247e-05
0.54917     0.00454101     6.22104e-05
0.695109     0.00718842     4.90526e-05
0.894266     0.0108309     5.79298e-05
1.11557     0.0148523     6.3932e-05
1.36511     0.0195015     8.09676e-05
1.71099     0.0258819     8.00301e-05
2.20721     0.0348559     0.0001329
2.71375     0.0420802     0.000217389
3.21535     0.0457733     0.00034759
3.71783     0.0465308     0.000521839
4.39143     0.04203     0.000610965
5.41505     0.0304901     0.00104882
6.4337     0.0179623     0.00161838
7.4459     0.0155864     0.00229318
