0.351144     0.000670474     5.19341e-05
0.449795     0.00121705     5.06581e-05
0.549181     0.00175513     5.21274e-05
0.695221     0.00282812     4.11565e-05
0.894437     0.00444151     4.80732e-05
1.11558     0.00624334     5.27639e-05
1.365     0.00830209     6.65269e-05
1.71047     0.0112558     6.55652e-05
2.20697     0.0152636     0.000109674
2.71264     0.0193714     0.000179881
3.21371     0.0218977     0.00029146
3.71594     0.0229245     0.000460982
4.38481     0.0217789     0.000561178
5.41149     0.0171491     0.00100138
6.43236     0.0123171     0.00155595
7.44534     0.00299523     0.00221436
