0.351179     0.00153754     5.66164e-05
0.449787     0.00240469     5.51461e-05
0.549183     0.00362837     5.69933e-05
0.695156     0.00569499     4.50276e-05
0.894308     0.00858048     5.28389e-05
1.1156     0.0120004     5.82385e-05
1.3651     0.0155815     7.34225e-05
1.7109     0.0207225     7.25125e-05
2.20715     0.0282529     0.000120806
2.71344     0.0347135     0.000197091
3.2149     0.0382907     0.000317173
3.71731     0.0390541     0.00048507
4.38916     0.0361817     0.000574859
5.41338     0.0254661     0.000998099
6.43283     0.0196954     0.00154066
7.44541     0.0136662     0.00218921
