0.351179     0.000538455     9.45481e-05
0.449787     0.00118671     9.21903e-05
0.549183     0.00185109     9.49875e-05
0.695156     0.00314542     7.42998e-05
0.894308     0.00532568     8.676e-05
1.1156     0.00825887     9.44328e-05
1.3651     0.0115183     0.000118885
1.7109     0.0162562     0.000114493
2.20715     0.023938     0.000195016
2.71344     0.0314146     0.000323216
3.2149     0.0367426     0.000524844
3.71731     0.0392129     0.000804895
4.38916     0.0358289     0.000954251
5.41338     0.0250044     0.00165575
6.43283     0.0164789     0.00256266
7.44541     0.0110221     0.0036478
