0.351089     -4.47882e-05     -8.7259e-05
0.449784     0.000234038     8.55182e-05
0.549178     0.000316841     8.79728e-05
0.695344     0.000850856     6.918e-05
0.894655     0.00177616     7.97522e-05
1.11553     0.00244549     8.61245e-05
1.36491     0.00358332     0.000107983
1.71027     0.005109     0.000103221
2.20674     0.00782552     0.000176621
2.71217     0.0107382     0.000295583
3.21308     0.0134603     0.000486957
3.71516     0.0142552     0.000786752
4.38185     0.0130572     0.000973783
5.41014     0.00786761     0.00176952
6.43227     0.00721196     0.00276376
7.44655     -0.00210807     -0.00391036
