0.351144     0.000290549     8.01239e-05
0.449795     0.000467099     7.83294e-05
0.549181     0.000863705     8.06246e-05
0.695221     0.00171963     6.335e-05
0.894437     0.00303259     7.33848e-05
1.11558     0.00478223     7.97002e-05
1.365     0.00654003     9.97752e-05
1.71047     0.00973878     9.59775e-05
2.20697     0.0146603     0.000163662
2.71264     0.0188916     0.000271764
3.21371     0.0227973     0.000445599
3.71594     0.025934     0.000708374
4.38481     0.0234966     0.000863282
5.41149     0.0184523     0.00154168
6.43236     0.0133489     0.00239476
7.44534     0.00879337     0.00340617
