0.350989     0.000988299     0.000221607
0.449613     0.00157544     0.00021823
0.549028     0.00297097     0.000227503
0.694644     0.00508934     0.000178656
0.893893     0.00819733     0.000213473
1.11514     0.012692     0.000236703
1.36484     0.0174828     0.000305081
1.71061     0.0240262     0.000297991
2.20773     0.0330515     0.000520892
2.71524     0.039427     0.000851996
3.2177     0.0421167     0.00125806
3.72049     0.0401576     0.00176
4.40097     0.0344776     0.00197766
5.42019     0.0236131     0.00329204
6.43547     0.0150707     0.00504332
7.44613     0.012991     0.00716575
