0.351147     0.000554184     0.000128301
0.449755     0.00158785     0.000125272
0.549151     0.00250543     0.000129265
0.695046     0.00435758     0.0001013
0.894217     0.00707488     0.000118668
1.11551     0.01067     0.000129854
1.36509     0.0150145     0.000164623
1.71101     0.0213766     0.000159589
2.20732     0.030981     0.000272005
2.71416     0.0396453     0.000453493
3.21589     0.0441799     0.000720999
3.71832     0.0453658     0.00106454
4.39356     0.0400422     0.00123285
5.41625     0.0307769     0.00209723
6.43384     0.0191658     0.00321876
7.44562     0.0145946     0.00457684
