0.351119     2.47489e-05     9.67817e-05
0.44972     0.0002063     9.47511e-05
0.549124     0.000614921     9.82361e-05
0.694952     0.000980351     7.66308e-05
0.894137     0.00191529     9.01537e-05
1.11544     0.00289452     9.85609e-05
1.36504     0.0041577     0.0001251
1.71096     0.00593245     0.000119495
2.20745     0.00963413     0.00020655
2.71444     0.0120544     0.000348478
3.21641     0.0134218     0.00054964
3.71905     0.0137299     0.000801822
4.39587     0.0112083     0.000919819
5.4174     0.0107754     0.00155923
6.43465     0.00584495     0.00237282
7.44518     0.00363208     0.00340243
