0.350989     3.84124e-05     0.000111961
0.449613     0.000421733     0.000110343
0.549028     0.000936443     0.000115076
0.694644     0.00127186     9.01845e-05
0.893893     0.00255889     0.000107363
1.11514     0.00362701     0.000118716
1.36484     0.00544314     0.000152953
1.71061     0.00741661     0.000147725
2.20773     0.0114971     0.000260682
2.71524     0.0135301     0.000431009
3.2177     0.0156039     0.000641289
3.72049     0.0143426     0.000902364
4.40097     0.0105597     0.00101496
5.42019     0.00756807     0.00169064
6.43547     0.00485353     0.00258555
7.44613     0.00741264     0.00364812
