0.351147     3.71083e-05     8.36264e-05
0.449755     0.000306747     8.18696e-05
0.549151     0.000450473     8.45175e-05
0.695046     0.000743764     6.615e-05
0.894217     0.00150795     7.74268e-05
1.11551     0.00237724     8.43275e-05
1.36509     0.00329975     0.000106459
1.71101     0.00485818     0.000101425
2.20732     0.00774808     0.000174292
2.71416     0.00968941     0.000293024
3.21589     0.0111172     0.000470231
3.71832     0.012072     0.000699727
4.39356     0.01033     0.00080966
5.41625     0.00589925     0.00138028
6.43384     0.00372102     0.00211614
7.44562     0.00566221     0.00303088
