0.351169     8.17067e-05     6.55939e-05
0.449797     8.1789e-06     6.40808e-05
0.549189     0.000127578     6.61695e-05
0.695177     0.000322179     5.20898e-05
0.894347     0.000536479     6.02766e-05
1.11561     0.000927006     6.53122e-05
1.36507     0.00118389     8.18384e-05
1.71072     0.00181354     7.75705e-05
2.20703     0.00295632     0.000132198
2.71309     0.00443845     0.000221512
3.21434     0.00551396     0.000363057
3.71657     0.00490691     0.000571023
4.38714     0.00547863     0.000685577
5.4123     0.00517968     0.0012135
6.43295     0.00241215     0.00187787
7.44652     0.00335457     0.00267929
