0.351179     -8.78344e-05     -0.000105813
0.449787     0.000265399     0.000103511
0.549183     0.000276079     0.000106661
0.695156     0.000728683     8.36171e-05
0.894308     0.0013612     9.73773e-05
1.1156     0.00208841     0.000105381
1.3651     0.00292078     0.000132502
1.7109     0.00460656     0.000126017
2.20715     0.00705798     0.000215404
2.71344     0.00898542     0.000360064
3.2149     0.0114698     0.000586391
3.71731     0.0134198     0.00090141
4.38916     0.0120268     0.00106726
5.41338     0.00664336     0.00185643
6.43283     0.00680916     0.00286851
7.44541     0.00354685     0.0041043
