0.351147     -7.1338e-05     -0.000152697
0.449755     0.000325814     0.000149334
0.549151     0.000536418     0.000154189
0.695046     0.000656956     0.000120889
0.894217     0.00116067     0.000141255
1.11551     0.00196583     0.00015358
1.36509     0.00304304     0.000194366
1.71101     0.0047169     0.000185622
2.20732     0.00703187     0.000318853
2.71416     0.0103442     0.000535917
3.21589     0.0114578     0.000854443
3.71832     0.0121365     0.00126216
4.39356     0.0111707     0.00146106
5.41625     0.00567157     0.00249076
6.43384     0.00839349     0.00383121
7.44562     0.00292864     0.00548207
