0.350868     9.67161e-05     0.0009275
0.449497     -0.000722749     -0.000922407
0.548927     0.000563027     0.000969686
0.694293     0.000366007     0.000762288
0.893632     0.000198726     0.000920305
1.11481     0.00167809     0.00102973
1.3646     0.00312609     0.001354
1.71041     0.00321991     0.00131439
2.20805     0.00200925     0.00230553
2.71603     0.00872178     0.00361085
3.2187     0.00409979     0.00513016
3.72149     0.018551     0.00715212
4.40412     -0.00809493     -0.00791945
5.42251     0.0131714     0.0131404
6.43563     -0.00181445     -0.0202951
7.4421     -0.0171599     -0.0292891
