0.351119     8.97264e-05     0.000198153
0.44972     -0.000152199     -0.000194193
0.549124     0.00037281     0.000200958
0.694952     0.000709087     0.000157333
0.894137     0.00128487     0.000184266
1.11544     0.00184314     0.000201587
1.36504     0.00288129     0.000255535
1.71096     0.00430618     0.000244578
2.20745     0.00685875     0.000422626
2.71444     0.0100528     0.000712889
3.21641     0.0100106     0.00111593
3.71905     0.0091313     0.00162208
4.39587     0.0108584     0.00185203
5.4174     0.00478586     0.00313847
6.43465     0.00450613     0.00480799
7.44518     0.00883623     0.00686863
