0.350868     0.0012448     0.000921633
0.449497     -0.000263521     -0.000916992
0.548927     0.00067752     0.00096155
0.694293     0.000136275     0.000757559
0.893632     0.000844391     0.000913707
1.11481     0.000741499     0.0010203
1.3646     0.0026641     0.00134187
1.71041     0.00395224     0.00130046
2.20805     0.0039274     0.00229434
2.71603     0.00459074     0.00358912
3.2187     0.01008     0.00515441
3.72149     0.00527519     0.00715304
4.40412     0.00393975     0.00793398
5.42251     0.0113141     0.01319
6.43563     0.020342     0.0205147
7.4421     0.00405855     0.0292382
