0.351089     -0.000125423     -0.000127497
0.449784     -0.000163213     -0.000125079
0.549178     0.000224228     0.000129121
0.695344     0.000114046     0.000101614
0.894655     0.000386602     0.000117081
1.11553     -0.000112298     -0.000126032
1.36491     0.00032078     0.000157918
1.71027     0.000443609     0.000150008
2.20674     0.000513309     0.000258221
2.71217     0.00257674     0.000433256
3.21308     0.00129427     0.000718215
3.71516     0.00259838     0.00115892
4.38185     0.00116283     0.00143971
5.41014     0.0023994     0.00262939
6.43227     -0.00150784     -0.00408284
7.44655     -0.0040492     -0.00583273
