0.350989     0.000146072     0.00033418
0.449613     -0.00017169     -0.000330285
0.549028     0.000460413     0.000343293
0.694644     0.000312096     0.000269706
0.893893     0.000831922     0.000321956
1.11514     0.00187758     0.000354343
1.36484     0.00245926     0.000456279
1.71061     0.0045438     0.000439599
2.20773     0.00696405     0.000776783
2.71524     0.009301     0.00128274
3.2177     0.00901527     0.00190114
3.72049     0.0134582     0.00266741
4.40097     0.00705112     0.00300218
5.42019     -0.00427293     -0.00502609
6.43547     -0.000647074     -0.00766842
7.44613     0.00826138     0.010904
