0.351169     0.0287273     5.18434e-05
0.449797     0.0374598     5.23742e-05
0.549189     0.0459176     5.56371e-05
0.695177     0.0574187     5.0244e-05
0.894347     0.0715239     6.00894e-05
1.11561     0.0853954     6.80287e-05
1.36507     0.0989095     8.21662e-05
1.71072     0.115947     8.65103e-05
2.20703     0.138095     0.000125035
2.71309     0.154148     0.000185532
3.21434     0.162311     0.000284271
3.71657     0.162247     0.000432919
4.38714     0.150388     0.000516313
5.4123     0.12135     0.000902255
6.43295     0.0941449     0.00139241
7.44652     0.0790116     0.00198813
