0.351174     0.0402579     6.04206e-05
0.449778     0.0526258     6.13192e-05
0.54917     0.0644063     6.52858e-05
0.695109     0.0801304     5.95499e-05
0.894266     0.0996365     7.1357e-05
1.11557     0.1184     8.0851e-05
1.36511     0.136818     9.73013e-05
1.71099     0.159283     0.000102728
2.20721     0.187426     0.000146759
2.71375     0.205684     0.000216599
3.21535     0.213251     0.000328177
3.71783     0.209933     0.000481264
4.39143     0.190768     0.000561128
5.41505     0.153287     0.000961689
6.4337     0.122968     0.00148155
7.4459     0.103928     0.00209084
