0.351089     0.0115257     5.30605e-05
0.449784     0.0154466     5.25784e-05
0.549178     0.019349     5.50436e-05
0.695344     0.0243982     4.70637e-05
0.894655     0.0311794     5.59435e-05
1.11553     0.0375941     6.26008e-05
1.36491     0.0433564     7.63819e-05
1.71027     0.0507413     7.84558e-05
2.20674     0.0604478     0.00011998
2.71217     0.0669909     0.000186481
3.21308     0.0710455     0.000294493
3.71516     0.0712177     0.000469836
4.38185     0.0662317     0.000575801
5.41014     0.0537281     0.00105257
6.43227     0.0386467     0.00166457
7.44655     0.0303575     0.00228222
