0.351147     0.0443714     6.71684e-05
0.449755     0.0581659     6.81961e-05
0.549151     0.071185     7.2798e-05
0.695046     0.0886934     6.63215e-05
0.894217     0.110085     7.95563e-05
1.11551     0.130863     9.01607e-05
1.36509     0.151056     0.000108778
1.71101     0.175187     0.000114441
2.20732     0.204583     0.000163838
2.71416     0.222385     0.000242923
3.21589     0.228324     0.000365399
3.71832     0.222663     0.000527097
4.39356     0.2015     0.000610069
5.41625     0.16269     0.0010359
6.43384     0.129167     0.00157779
7.44562     0.109181     0.00225071
