0.351179     0.0350132     5.52125e-05
0.449787     0.0456827     5.59613e-05
0.549183     0.0559325     5.95094e-05
0.695156     0.0697526     5.4132e-05
0.894308     0.086704     6.47144e-05
1.1156     0.103402     7.34501e-05
1.3651     0.119485     8.84403e-05
1.7109     0.13967     9.33829e-05
2.20715     0.165428     0.000133683
2.71344     0.183136     0.000197466
3.2149     0.191384     0.000300691
3.71731     0.189569     0.000448559
4.38916     0.174621     0.000529398
5.41338     0.14049     0.000909691
6.43283     0.10793     0.00140987
7.44541     0.0935688     0.00200989
