0.350868     0.0522039     0.000118007
0.449497     0.0697231     0.000119611
0.548927     0.086178     0.000128351
0.694293     0.107692     0.000110772
0.893632     0.133184     0.000134709
1.11481     0.156619     0.000152791
1.3646     0.178037     0.000191862
1.71041     0.20032     0.000194675
2.20805     0.220145     0.000307244
2.71603     0.22549     0.00045992
3.2187     0.219524     0.000649043
3.72149     0.206814     0.000888785
4.40412     0.185797     0.000983966
5.42251     0.155604     0.00162656
6.43563     0.140789     0.00250208
7.4421     0.12307     0.00353164
