0.351144     0.0208388     4.89823e-05
0.449795     0.0273148     4.92266e-05
0.549181     0.0336722     5.20084e-05
0.695221     0.0422777     4.63206e-05
0.894437     0.0531701     5.53511e-05
1.11558     0.0637334     6.24936e-05
1.365     0.0738922     7.5703e-05
1.71047     0.0867064     7.92843e-05
2.20697     0.103841     0.000116546
2.71264     0.116689     0.000175199
3.21371     0.123814     0.00027213
3.71594     0.124674     0.000421081
4.38481     0.11657     0.000510774
5.41149     0.0929289     0.000907934
6.43236     0.0727944     0.0013811
7.44534     0.059399     0.00201866
