0.351078     0.0500832     8.75853e-05
0.449682     0.0658344     8.89472e-05
0.549091     0.0808567     9.51375e-05
0.69485     0.100852     8.58208e-05
0.894063     0.12509     0.000103212
1.11534     0.148188     0.000116943
1.36499     0.17029     0.000141972
1.71084     0.196011     0.000148018
2.20757     0.224672     0.000216236
2.71474     0.239325     0.000327247
3.21692     0.24063     0.000480887
3.71962     0.231321     0.000675419
4.39753     0.206799     0.000768203
5.41885     0.168384     0.00128376
6.43317     0.13617     0.00195767
7.44592     0.117423     0.00277776
