0.351119     0.0475761     7.59991e-05
0.44972     0.0626549     7.72325e-05
0.549124     0.0766602     8.26558e-05
0.694952     0.0954968     7.49313e-05
0.894137     0.118697     9.00558e-05
1.11544     0.140727     0.000102024
1.36504     0.161948     0.00012318
1.71096     0.187462     0.000129326
2.20745     0.216909     0.000186309
2.71444     0.233334     0.000279498
3.21641     0.23745     0.000415447
3.71905     0.229831     0.000591402
4.39587     0.206485     0.000675686
5.4174     0.167563     0.00113969
6.43465     0.133432     0.00174385
7.44518     0.112579     0.00248351
