0.350989     0.052147     7.70565e-05
0.449613     0.0689921     7.82056e-05
0.549028     0.084816     8.37727e-05
0.694644     0.105811     7.45313e-05
0.893893     0.131075     8.99462e-05
1.11514     0.154855     0.000101911
1.36484     0.17731     0.00012491
1.71061     0.202378     0.000129052
2.20773     0.228255     0.000194364
2.71524     0.239332     0.000295276
3.2177     0.237373     0.00042402
3.72049     0.225218     0.000587687
4.40097     0.201846     0.000660596
5.42019     0.167442     0.00109767
6.43547     0.13786     0.00167933
7.44613     0.123494     0.00241441
