0.351119     0.0106006     0.000131869
0.44972     0.0157912     0.000129883
0.549124     0.0212265     0.000133719
0.694952     0.0295361     0.000109749
0.894137     0.0405385     0.000132473
1.11544     0.0521372     0.000149345
1.36504     0.0641898     0.000188347
1.71096     0.079233     0.000191463
2.20745     0.0982648     0.000304747
2.71444     0.110481     0.000484323
3.21641     0.114533     0.000740447
3.71905     0.111518     0.00106791
4.39587     0.0990071     0.00120918
5.4174     0.071264     0.00204396
6.43465     0.0511503     0.0030031
7.44518     0.0419139     0.0041954
