0.351174     0.00968231     9.43992e-05
0.449778     0.0143393     9.14696e-05
0.54917     0.0195554     9.57397e-05
0.695109     0.026939     7.85055e-05
0.894266     0.0372785     9.45532e-05
1.11557     0.0479236     0.000106501
1.36511     0.0593011     0.000133649
1.71099     0.0735211     0.00013773
2.20721     0.0930024     0.000215047
2.71375     0.107333     0.000336832
3.21535     0.114433     0.00052286
3.71783     0.113452     0.000777604
4.39143     0.103668     0.000906337
5.41505     0.0789001     0.00157579
6.4337     0.0549019     0.00242547
7.4459     0.045385     0.00321364
