0.351179     0.00911068     8.15117e-05
0.449787     0.0135219     7.98452e-05
0.549183     0.0183337     8.30748e-05
0.695156     0.0254029     6.88452e-05
0.894308     0.0351016     8.26464e-05
1.1156     0.0451993     9.33311e-05
1.3651     0.0559635     0.0001166
1.7109     0.0700703     0.000121234
2.20715     0.0889514     0.000188587
2.71344     0.104245     0.000293075
3.2149     0.11157     0.000458308
3.71731     0.113067     0.000690915
4.38916     0.103287     0.000817412
5.41338     0.0799507     0.00139772
6.43283     0.0553687     0.0021327
7.44541     0.0447819     0.00317121
