0.351169     0.00838148     7.24111e-05
0.449797     0.0123661     7.17275e-05
0.549189     0.0167606     7.41578e-05
0.695177     0.0233713     6.14392e-05
0.894347     0.032375     7.38063e-05
1.11561     0.0421246     8.37756e-05
1.36507     0.0520083     0.000104857
1.71072     0.0655693     0.000109337
2.20703     0.0840282     0.000170116
2.71309     0.0985269     0.000263574
3.21434     0.107524     0.000411087
3.71657     0.109811     0.000627952
4.38714     0.100586     0.000752719
5.4123     0.0757397     0.00131421
6.43295     0.0554243     0.00201842
7.44652     0.0410504     0.00293532
