0.351147     0.0100181     0.00010981
0.449755     0.0152736     0.000107506
0.549151     0.0205652     0.000111963
0.695046     0.0284568     9.16272e-05
0.894217     0.0389776     0.00011019
1.11551     0.0503887     0.000124401
1.36509     0.0618829     0.000156396
1.71101     0.0769554     0.000160082
2.20732     0.0960715     0.00025101
2.71416     0.109178     0.000397662
3.21589     0.116275     0.000613175
3.71832     0.113491     0.000893004
4.39356     0.102298     0.00103014
5.41625     0.0784326     0.00174722
6.43384     0.0569122     0.00274326
7.44562     0.0456936     0.0039666
