0.350989     0.0106527     0.000165295
0.449613     0.0164085     0.000162641
0.549028     0.0224078     0.000170282
0.694644     0.030862     0.000137981
0.893893     0.0426819     0.000167194
1.11514     0.0544024     0.000188451
1.36484     0.0664133     0.000240903
1.71061     0.0809096     0.000242284
2.20773     0.097251     0.000398286
2.71524     0.105843     0.000631932
3.2177     0.106032     0.000920771
3.72049     0.0990161     0.00126051
4.40097     0.0851259     0.0014269
5.42019     0.0613348     0.00242954
6.43547     0.0446913     0.00338873
7.44613     0.0223791     0.00581121
