0.351078     0.0106765     0.000163441
0.449682     0.0162692     0.00015891
0.549091     0.0216956     0.00016698
0.69485     0.0304255     0.000135714
0.894063     0.0418155     0.0001629
1.11534     0.0537548     0.000184782
1.36499     0.065713     0.00023341
1.71084     0.0809735     0.000235845
2.20757     0.0986062     0.00037968
2.71474     0.109648     0.000609321
3.21692     0.112397     0.000912806
3.71962     0.108492     0.00128547
4.39753     0.0949442     0.00146278
5.41885     0.0730769     0.00248964
6.43317     0.0552306     0.00381574
7.44592     0.0369079     0.00483364
