0.351089     0.00535082     5.97218e-05
0.449784     0.00844038     5.78136e-05
0.549178     0.0117791     5.99473e-05
0.695344     0.0170785     4.91471e-05
0.894655     0.0244377     5.867e-05
1.11553     0.0323465     6.64165e-05
1.36491     0.0403757     8.34454e-05
1.71027     0.0510399     8.6856e-05
2.20674     0.0663241     0.000136594
2.71217     0.0788163     0.000213802
3.21308     0.0876528     0.000337986
3.71516     0.0904047     0.000537849
4.38185     0.0844431     0.000658785
5.41014     0.064337     0.00118299
6.43227     0.0444453     0.00180268
7.44655     0.0307066     0.00243001
