0.350868     0.00986194     0.000313233
0.449497     0.0152876     0.00031862
0.548927     0.0211908     0.000333782
0.694293     0.0292175     0.000273305
0.893632     0.040405     0.000333224
1.11481     0.051699     0.000379515
1.3646     0.0628106     0.000493118
1.71041     0.0748435     0.000489695
2.20805     0.0872241     0.000816934
2.71603     0.0911826     0.00125361
3.2187     0.0889224     0.001767
3.72149     0.0821285     0.00245427
4.40412     0.0675166     0.00273232
5.42251     0.0367536     0.00479457
6.43563     0.0302068     0.00637713
7.4421     0.00691152     0.0091783
