0.351144     0.00718789     6.43289e-05
0.449795     0.0108556     6.32118e-05
0.549181     0.0148677     6.58057e-05
0.695221     0.0209575     5.41579e-05
0.894437     0.0293289     6.51751e-05
1.11558     0.0383372     7.38814e-05
1.365     0.0476017     9.2516e-05
1.71047     0.0597889     9.66964e-05
2.20697     0.0772833     0.000150706
2.71264     0.0914494     0.000232767
3.21371     0.100439     0.00036728
3.71594     0.102901     0.000572658
4.38481     0.0960575     0.000688304
5.41149     0.0732191     0.00122735
6.43236     0.0520819     0.00188243
7.44534     0.036616     0.00296314
