0.351119     0.00251677     7.86125e-05
0.44972     0.00435395     7.69699e-05
0.549124     0.00649626     7.98453e-05
0.694952     0.00992192     6.31153e-05
0.894137     0.0148369     7.49636e-05
1.11544     0.0205885     8.32095e-05
1.36504     0.0263983     0.000105593
1.71096     0.034855     0.000104705
2.20745     0.0460605     0.000175371
2.71444     0.0540764     0.000288535
3.21641     0.0582484     0.000449163
3.71905     0.0582933     0.00065054
4.39587     0.0494277     0.000745678
5.4174     0.0370999     0.00125839
6.43465     0.0257794     0.0019178
7.44518     0.0189048     0.00274103
