0.350868     0.00294614     0.000144432
0.449497     0.00512961     0.000143266
0.548927     0.00798755     0.00015079
0.694293     0.0125453     0.000119431
0.893632     0.0186291     0.000145319
1.11481     0.0255628     0.000163522
1.3646     0.0328201     0.000214034
1.71041     0.0417178     0.000211233
2.20805     0.0509833     0.000366197
2.71603     0.0558852     0.000570791
3.2187     0.0546692     0.000816472
3.72149     0.0519201     0.00113175
4.40412     0.0432426     0.00125316
5.42251     0.0318551     0.0020734
6.43563     0.0270278     0.00318383
7.4421     0.0198415     0.00453918
