0.350989     0.00304346     8.43593e-05
0.449613     0.00529994     8.3039e-05
0.549028     0.00783902     8.67155e-05
0.694644     0.0121878     6.87223e-05
0.893893     0.0181171     8.25201e-05
1.11514     0.0251586     9.22422e-05
1.36484     0.032213     0.000118657
1.71061     0.0414246     0.000117419
2.20773     0.0530304     0.000201472
2.71524     0.0603961     0.000327454
3.2177     0.0611263     0.000483904
3.72049     0.0584884     0.000677041
4.40097     0.0507638     0.000760983
5.42019     0.0391675     0.00126459
6.43547     0.0291658     0.00193429
7.44613     0.025627     0.00273458
