0.351089     0.000254373     5.89139e-05
0.449784     0.000493781     5.74404e-05
0.549178     0.000773154     5.92448e-05
0.695344     0.00138795     4.66531e-05
0.894655     0.00217528     5.4216e-05
1.11553     0.00319385     5.91896e-05
1.36491     0.0042623     7.46797e-05
1.71027     0.00574901     7.32165e-05
2.20674     0.00798241     0.00012355
2.71217     0.00994603     0.00020334
3.21308     0.0116107     0.000332108
3.71516     0.0127039     0.000532642
4.38185     0.0108808     0.000660989
5.41014     0.00771609     0.00119644
6.43227     0.00494001     0.00186958
7.44655     0.0033171     0.00264837
