0.351078     0.00273459     9.18977e-05
0.449682     0.00480796     9.02739e-05
0.549091     0.00710032     9.37072e-05
0.69485     0.0109527     7.40788e-05
0.894063     0.01662     8.83032e-05
1.11534     0.0226893     9.81853e-05
1.36499     0.0295735     0.000125421
1.71084     0.0385052     0.000124225
2.20757     0.050326     0.000209877
2.71474     0.0578567     0.000345284
3.21692     0.0612668     0.000528903
3.71962     0.059189     0.000753828
4.39753     0.051432     0.000855713
5.41885     0.0380002     0.00143493
6.43317     0.0260315     0.00217657
7.44592     0.0211464     0.00309713
