0.351089     0.00129299     8.32304e-05
0.449784     0.00253648     8.39938e-05
0.549178     0.00411445     9.05907e-05
0.695344     0.00703702     7.20145e-05
0.894655     0.011601     8.42898e-05
1.11553     0.0168334     9.49761e-05
1.36491     0.0230129     0.000120067
1.71027     0.0318632     0.000122379
2.20674     0.0455958     0.00020277
2.71217     0.0585266     0.000327895
3.21308     0.0684469     0.000519441
3.71516     0.0732842     0.000824304
4.38185     0.0727791     0.00103115
5.41014     0.0536317     0.00181467
6.43227     0.0408656     0.00311042
7.44655     0.0214558     0.00511298
