0.350868     0.00347378     0.000683666
0.449497     0.00571856     0.000578324
0.548927     0.00916375     0.000592051
0.694293     0.0142403     0.00051927
0.893632     0.0218369     0.000609462
1.11481     0.030058     0.000705569
1.3646     0.0401095     0.000914904
1.71041     0.0502646     0.000943064
2.20805     0.0646936     0.0015702
2.71603     0.0691965     0.00229465
3.2187     0.0741426     0.00332873
3.72149     0.0686051     0.00441369
4.40412     0.0622188     0.00503833
5.42251     0.0601065     0.00858339
6.43563     0.0459614     0.0165887
7.4421     0.0562363     0.0194065
