0.351174     0.00260851     0.000131821
0.449778     0.00471032     0.000136946
0.54917     0.00717074     0.000146956
0.695109     0.0114049     0.000116756
0.894266     0.0176825     0.000138472
1.11557     0.0249508     0.000155787
1.36511     0.0330055     0.000198966
1.71099     0.0443644     0.000200851
2.20721     0.0605498     0.000329438
2.71375     0.0743964     0.000527367
3.21535     0.0826217     0.000848424
3.71783     0.083263     0.00124745
4.39143     0.0790797     0.00143922
5.41505     0.059106     0.0024983
6.4337     0.0357667     0.00393375
7.4459     0.025091     0.00687265
