0.351119     0.00319927     0.000209076
0.44972     0.00553166     0.000207006
0.549124     0.00822276     0.00021314
0.694952     0.0132578     0.000169504
0.894137     0.0200082     0.0002043
1.11544     0.0282473     0.000227432
1.36504     0.036884     0.000291692
1.71096     0.048953     0.000294593
2.20745     0.0654073     0.000488915
2.71444     0.0777363     0.000794632
3.21641     0.0856913     0.00119489
3.71905     0.0832919     0.00172931
4.39587     0.0738948     0.00201135
5.4174     0.0563542     0.00318441
6.43465     0.0397279     0.00550175
7.44518     0.0281726     0.00755724
