0.351144     0.00177928     9.67489e-05
0.449795     0.00327176     9.50255e-05
0.549181     0.00503356     0.000100619
0.695221     0.00854777     7.8023e-05
0.894437     0.0135095     9.32979e-05
1.11558     0.0195348     0.000104351
1.365     0.0265192     0.000132051
1.71047     0.0365973     0.000134781
2.20697     0.0516914     0.000222554
2.71264     0.0658952     0.000358041
3.21371     0.0760887     0.000570198
3.71594     0.0808921     0.000886291
4.38481     0.0779083     0.00108116
5.41149     0.0570744     0.00188542
6.43236     0.0388784     0.00315961
7.44534     0.0276744     0.00467795
