0.351179     0.00252908     0.00012155
0.449787     0.00408542     0.000119785
0.549183     0.00670793     0.000126186
0.695156     0.0106394     0.000100253
0.894308     0.0162143     0.0001207
1.1156     0.0230989     0.000134895
1.3651     0.0308577     0.000171125
1.7109     0.041863     0.000173977
2.20715     0.0580839     0.000287473
2.71344     0.0721269     0.000456919
3.2149     0.0826265     0.000723506
3.71731     0.0847417     0.00109987
4.38916     0.0776386     0.00127218
5.41338     0.0604886     0.00225264
6.43283     0.0420396     0.00370645
7.44541     0.029156     0.00484728
