0.350989     0.00341588     0.000272039
0.449613     0.00602055     0.000271666
0.549028     0.00888393     0.000286244
0.694644     0.0143531     0.000225251
0.893893     0.0219407     0.000280902
1.11514     0.0306373     0.000313803
1.36484     0.0393453     0.000406569
1.71061     0.0522101     0.000414095
2.20773     0.0666337     0.000698121
2.71524     0.0768433     0.00110501
3.2177     0.0796813     0.00163789
3.72049     0.0763642     0.00220029
4.40097     0.0707337     0.0024963
5.42019     0.0535852     0.00404998
6.43547     0.0404731     0.00610544
7.44613     0.0296494     0.011164
