0.351147     0.00309195     0.000157879
0.449755     0.00538639     0.000162868
0.549151     0.00780087     0.000175535
0.695046     0.0121637     0.000138181
0.894217     0.0190622     0.000167101
1.11551     0.0266127     0.000186728
1.36509     0.0351149     0.000239014
1.71101     0.0468671     0.00024093
2.20732     0.0637931     0.000398647
2.71416     0.0766202     0.000640567
3.21589     0.0844695     0.00100097
3.71832     0.0853836     0.00147906
4.39356     0.0776457     0.0017009
5.41625     0.0601242     0.00283371
6.43384     0.0414993     0.00422309
7.44562     0.030373     0.00726348
