0.351078     0.00321541     0.00025049
0.449682     0.00589808     0.000266857
0.549091     0.00890744     0.000269027
0.69485     0.0139526     0.00021398
0.894063     0.021124     0.000260989
1.11534     0.0293493     0.000292642
1.36499     0.0386335     0.000374421
1.71084     0.0509897     0.000379966
2.20757     0.0676269     0.000623831
2.71474     0.0787778     0.00101678
3.21692     0.0842682     0.00151833
3.71962     0.0834193     0.00223363
4.39753     0.0720769     0.00234941
5.41885     0.0580394     0.00373748
6.43317     0.0368283     0.00753582
7.44592     0.0377136     0.00753676
