0.351169     0.00211468     0.000107834
0.449797     0.00390093     0.000107505
0.549189     0.00606848     0.000112791
0.695177     0.00964881     9.0723e-05
0.894347     0.0151358     0.000107421
1.11561     0.021693     0.000119708
1.36507     0.0288591     0.000151548
1.71072     0.0393767     0.000154624
2.20703     0.0552472     0.000253359
2.71309     0.0691041     0.000407649
3.21434     0.0794637     0.000650969
3.71657     0.0826603     0.00100061
4.38714     0.0786079     0.001185
5.4123     0.0602605     0.00208449
6.43295     0.0414166     0.00311664
7.44652     0.0344758     0.00536197
