0.351119     0.000990877     0.000157529
0.44972     0.00180902     0.000154528
0.549124     0.00250086     0.000159834
0.694952     0.00461281     0.000125099
0.894137     0.00785242     0.000147333
1.11544     0.0120908     0.000161806
1.36504     0.016623     0.00020561
1.71096     0.0231744     0.000199292
2.20745     0.0333024     0.000341918
2.71444     0.0423595     0.000571529
3.21641     0.0437413     0.000893423
3.71905     0.0461649     0.00129679
4.39587     0.0391653     0.00148167
5.4174     0.0287007     0.00251574
6.43465     0.0108608     0.00384959
7.44518     0.0105266     0.00545407
