0.351169     0.000600691     8.60879e-05
0.449797     0.000860351     8.40489e-05
0.549189     0.00158585     8.64032e-05
0.695177     0.00251666     6.79334e-05
0.894347     0.00406895     7.88426e-05
1.11561     0.00652328     8.57479e-05
1.36507     0.00921057     0.000107803
1.71072     0.0132185     0.000103563
2.20703     0.0199778     0.000176436
2.71309     0.0254636     0.000292259
3.21434     0.0309771     0.000476865
3.71657     0.0314006     0.000746115
4.38714     0.0294328     0.000896128
5.4123     0.0197399     0.00158043
6.43295     0.0131595     0.00244945
7.44652     0.00895624     0.00348004
