0.350868     0.000154395     0.00052139
0.449497     0.00140274     0.000517481
0.548927     0.00175995     0.00054344
0.694293     0.00450041     0.00042789
0.893632     0.00801305     0.00051962
1.11481     0.0105005     0.000581989
1.3646     0.0159828     0.000764276
1.71041     0.0208037     0.000750243
2.20805     0.0269816     0.00131109
2.71603     0.0319623     0.00204202
3.2187     0.0337687     0.00291327
3.72149     0.0289236     0.00402965
4.40412     0.0223826     0.00446872
5.42251     0.0221988     0.00742464
6.43563     0.00435925     0.0114151
7.4421     0.020329     0.0163461
