0.351174     0.000531378     0.000108593
0.449778     0.00140243     0.000105714
0.54917     0.00207165     0.000108983
0.695109     0.00373625     8.53432e-05
0.894266     0.00645795     9.97957e-05
1.11557     0.00953156     0.000108928
1.36511     0.0135981     0.000137477
1.71099     0.0191433     0.000132783
2.20721     0.0281219     0.000225994
2.71375     0.0358664     0.000375218
3.21535     0.0408109     0.000605804
3.71783     0.0440761     0.000911983
4.39143     0.0387982     0.00106543
5.41505     0.0298644     0.00183393
6.4337     0.0187416     0.00283332
7.4459     0.011293     0.00401199
