0.351078     0.00101296     0.00020088
0.449682     0.00148409     0.000196957
0.549091     0.0031113     0.000203941
0.69485     0.00495398     0.000160176
0.894063     0.00804462     0.000189358
1.11534     0.0129088     0.000208841
1.36499     0.017454     0.000266187
1.71084     0.0237782     0.000258845
2.20757     0.0337015     0.000446832
2.71474     0.0417153     0.000746778
3.21692     0.0444441     0.00114453
3.71962     0.0450814     0.00163287
4.39753     0.0376783     0.00185634
5.41885     0.0252512     0.00311318
6.43317     0.0192656     0.00476901
7.44592     0.00227154     0.0067964
