0.350868     -0.000731237     -0.00205003
0.449497     0.002211     0.000828485
0.548927     0.00275723     0.00257593
0.694293     0.00521283     0.00151181
0.893632     0.0109539     0.00190995
1.11481     0.0134159     0.00224894
1.3646     0.0183748     0.00330407
1.71041     0.0234237     0.00317967
2.20805     0.030279     0.00503581
2.71603     0.0322071     0.0112276
3.2187     0.0550566     0.0107557
3.72149     0.0386656     0.0115342
4.40412     0.0153559     0.0370745
5.42251     -0.00694874     -0.0299851
6.43563     -0.028881     -0.0790709
7.4421     0.00478523     0.127097
