0.351119     0.000412977     0.00049426
0.44972     0.00152782     0.000383058
0.549124     0.00216081     0.000499116
0.694952     0.00501632     0.000367984
0.894137     0.00840705     0.00045622
1.11544     0.0131611     0.000552184
1.36504     0.0179155     0.000674505
1.71096     0.0253561     0.000713036
2.20745     0.0386924     0.00119422
2.71444     0.0473904     0.00195473
3.21641     0.0510215     0.00287663
3.71905     0.0514617     0.00443732
4.39587     0.0486308     0.00467906
5.4174     0.0301128     0.00741481
6.43465     0.0188589     0.0232005
7.44518     0.00170186     0.0365157
