0.351147     0.00069129     0.000300205
0.449755     0.0013111     0.00030253
0.549151     0.00222399     0.000318635
0.695046     0.00465241     0.000291524
0.894217     0.00752306     0.000360184
1.11551     0.0117684     0.00040516
1.36509     0.016486     0.000567573
1.71101     0.0248033     0.000559532
2.20732     0.0358417     0.000934816
2.71416     0.0464934     0.001454
3.21589     0.0545039     0.00232204
3.71832     0.055892     0.0032819
4.39356     0.0432035     0.00354192
5.41625     0.0311462     0.00605248
6.43384     0.020639     0.00903293
7.44562     0.00602388     0.0270525
