0.351179     0.000177066     9.14398e-05
0.449787     0.000864169     0.000188269
0.549183     0.001396     0.000202482
0.695156     0.00335633     0.000203655
0.894308     0.00580952     0.000241984
1.1156     0.00947616     0.000285669
1.3651     0.0135069     0.00037209
1.7109     0.0203055     0.000387404
2.20715     0.0303011     0.000654248
2.71344     0.0411465     0.00104464
3.2149     0.0478884     0.00171785
3.71731     0.0527117     0.00246789
4.38916     0.0500392     0.00300703
5.41338     0.0389895     0.00531048
6.43283     0.0237487     0.00660419
7.44541     0.00218712     0.00325193
