0.351169     0.000129984     6.50772e-05
0.449797     0.000544888     0.000248411
0.549189     0.00124918     0.000159203
0.695177     0.00253773     0.000173336
0.894347     0.00497807     0.000216456
1.11561     0.00815633     0.000264113
1.36507     0.0118652     0.000333989
1.71072     0.0185952     0.000350708
2.20703     0.0292043     0.000585427
2.71309     0.0393542     0.000955161
3.21434     0.0463614     0.00150176
3.71657     0.0499612     0.002366
4.38714     0.0475927     0.00280091
5.4123     0.0340789     0.0046975
6.43295     0.0154461     0.00639935
7.44652     0.0102576     0.011239
