0.351144     -0.000262769     -0.000175903
0.449795     0.000225225     6.32146e-05
0.549181     0.000694582     0.000124274
0.695221     0.00187353     0.000147482
0.894437     0.00398862     0.000201338
1.11558     0.00709404     0.000220162
1.365     0.0103275     0.000291231
1.71047     0.0160641     0.000307381
2.20697     0.0253888     0.000525337
2.71264     0.0347637     0.000845069
3.21371     0.0422095     0.00139383
3.71594     0.0504637     0.00209748
4.38481     0.0467827     0.00261961
5.41149     0.0363017     0.00431642
6.43236     0.0200237     0.00603292
7.44534     0.0006522     0.00293007
