0.351089     -0.000406087     -0.00025196
0.449784     -8.30519e-05     -3.329e-05
0.549178     0.000340233     0.000100317
0.695344     0.00125719     0.000128428
0.894655     0.00302979     0.000167297
1.11553     0.0054133     0.000193071
1.36491     0.00900246     0.000266779
1.71027     0.013977     0.000275158
2.20674     0.0225151     0.000474296
2.71217     0.032458     0.000797942
3.21308     0.0388119     0.00124137
3.71516     0.0439053     0.00195509
4.38185     0.0451237     0.00256901
5.41014     0.031257     0.00452209
6.43227     0.0240209     0.00584427
7.44655     0.016824     0.010926
