0.351078     0.00143916     0.000563382
0.449682     0.00089662     0.000321318
0.549091     0.00248007     0.000660535
0.69485     0.00479523     0.000500583
0.894063     0.00840416     0.000593549
1.11534     0.0134773     0.000704059
1.36499     0.0178417     0.000911998
1.71084     0.0253909     0.000958885
2.20757     0.0382428     0.00160609
2.71474     0.0471306     0.00256854
3.21692     0.0493342     0.00381242
3.71962     0.0524758     0.00520221
4.39753     0.0419346     0.00608826
5.41885     0.0284771     0.0091419
6.43317     0.0118924     0.194663
7.44592     0.0138742     0.00638778
