0.350989     0.000315328     0.000333452
0.449613     0.000652483     0.000694867
0.549028     0.00296249     0.000646905
0.694644     0.00477452     0.000571845
0.893893     0.00860737     0.000757064
1.11514     0.0136813     0.000887186
1.36484     0.0182102     0.00117908
1.71061     0.0257653     0.0012165
2.20773     0.0384506     0.00200563
2.71524     0.0424223     0.00325379
3.2177     0.0510014     0.00446183
3.72049     0.0480629     0.00578709
4.40097     0.0362549     0.00742191
5.42019     0.0275393     0.0233599
6.43547     0.00569196     0.018881
7.44613     -0.0023266     -0.00183266
