0.351174     0.000419392     0.000379771
0.449778     0.00125069     0.00022824
0.54917     0.0020075     0.000252145
0.695109     0.00376941     0.000244434
0.894266     0.00670651     0.000289099
1.11557     0.0102972     0.000332577
1.36511     0.0150259     0.000437704
1.71099     0.0222348     0.000451579
2.20721     0.0339978     0.000731547
2.71375     0.0428695     0.00119876
3.21535     0.0524156     0.00187687
3.71783     0.0506917     0.00279082
4.39143     0.0464265     0.00304909
5.41505     0.0324179     0.00604792
6.4337     0.0214405     0.0146927
7.4459     0.00680008     0.00799752
