0.351144     -4.27472e-05     -6.51398e-05
0.449795     0.000114135     6.38594e-05
0.549181     0.000109098     6.56663e-05
0.695221     0.000179831     5.19072e-05
0.894437     0.000349465     5.98744e-05
1.11558     0.000576649     6.47034e-05
1.365     0.000730686     8.0921e-05
1.71047     0.00128554     7.65254e-05
2.20697     0.00192633     0.000131326
2.71264     0.00245235     0.000218841
3.21371     0.00324812     0.000361635
3.71594     0.00339391     0.000577785
4.38481     0.00336701     0.000704341
5.41149     0.00185043     0.00126317
6.43236     0.00155561     0.00195823
7.44534     -0.000873496     -0.00280544
