0.351078     0.000130828     0.000115433
0.449682     0.000420785     0.00011312
0.549091     0.000590829     0.000117301
0.69485     0.00111215     9.20842e-05
0.894063     0.00191663     0.000108348
1.11534     0.00321093     0.000118888
1.36499     0.00475701     0.000151397
1.71084     0.00706815     0.000145792
2.20757     0.0101599     0.00025365
2.71474     0.0131694     0.000427201
3.21692     0.0144203     0.000662076
3.71962     0.0149004     0.000949198
4.39753     0.0117791     0.00108012
5.41885     0.0086185     0.00181888
6.43317     -7.20304e-06     -0.00275576
7.44592     0.00379837     0.00391011
