0.351089     0.000148716     7.68057e-05
0.449784     -0.000146732     -7.53185e-05
0.549178     -3.12048e-05     -7.75493e-05
0.695344     4.94801e-05     6.1244e-05
0.894655     6.9905e-05     7.07218e-05
1.11553     0.000220027     7.61929e-05
1.36491     0.000340229     9.5078e-05
1.71027     0.00034457     8.98387e-05
2.20674     0.000723926     0.000154242
2.71217     0.00111232     0.000259032
3.21308     0.00210296     0.000427517
3.71516     0.00250973     0.000693655
4.38185     0.00213225     0.00086023
5.41014     0.00275624     0.00156434
6.43227     0.00199231     0.00244648
7.44655     -0.00112193     -0.00344327
