0.351174     0.000125716     7.43438e-05
0.449778     0.000176885     7.28486e-05
0.54917     0.000275865     7.51402e-05
0.695109     0.000639345     5.88542e-05
0.894266     0.0010883     6.85702e-05
1.11557     0.00166018     7.47559e-05
1.36511     0.00241445     9.38469e-05
1.71099     0.00402883     8.92599e-05
2.20721     0.00622648     0.000152931
2.71375     0.00815263     0.000255904
3.21535     0.00888174     0.000415483
3.71783     0.0102671     0.000628465
4.39143     0.00930693     0.000738465
5.41505     0.00587995     0.00126774
6.4337     0.00135939     0.00195797
7.4459     -0.0011545     -0.00278944
