0.350868     -2.44511e-05     -0.000219834
0.449497     0.000446414     0.000218134
0.548927     0.000762304     0.000229097
0.694293     0.00148773     0.000180488
0.893632     0.00186949     0.000217982
1.11481     0.00423228     0.00024338
1.3646     0.00568194     0.000319211
1.71041     0.00755426     0.000310423
2.20805     0.0104452     0.00054907
2.71603     0.0118554     0.000863956
3.2187     0.0109193     0.00124255
3.72149     0.0114722     0.00173191
4.40412     0.0100052     0.00191814
5.42251     0.00877068     0.00319154
6.43563     -0.00188396     -0.00484074
7.4421     0.00611436     0.00695466
