0.351179     -7.13528e-06     -6.86304e-05
0.449787     0.000281327     6.7011e-05
0.549183     0.000222635     6.89758e-05
0.695156     0.000483743     5.41476e-05
0.894308     0.000843241     6.28739e-05
1.1156     0.00131669     6.81982e-05
1.3651     0.00209631     8.5598e-05
1.7109     0.00300647     8.13762e-05
2.20715     0.00462231     0.000139266
2.71344     0.00605249     0.000233011
3.2149     0.00736891     0.000379418
3.71731     0.00736058     0.000586648
4.38916     0.00786709     0.000695699
5.41338     0.0045514     0.00121232
6.43283     0.00206235     0.00187596
7.44541     0.00318297     0.00266156
