0.351078     -4.19535e-05     -0.000264784
0.449682     -0.000170355     -0.000259891
0.549091     0.000478513     0.00026964
0.69485     0.000712999     0.00021103
0.894063     0.00106138     0.000249065
1.11534     0.00229705     0.000272879
1.36499     0.00310727     0.0003477
1.71084     0.00433744     0.000333927
2.20757     0.00671762     0.000580406
2.71474     0.00845186     0.000977165
3.21692     0.00909067     0.00150308
3.71962     0.00939981     0.0021424
4.39753     0.0053104     0.00243681
5.41885     0.00915879     0.00409922
6.43317     0.000600299     0.00627789
7.44592     0.0162726     0.00893257
