0.351169     7.76508e-05     9.2399e-05
0.449797     0.000298521     9.04693e-05
0.549189     0.000495395     9.30699e-05
0.695177     0.000617455     7.33008e-05
0.894347     0.00121846     8.49078e-05
1.11561     0.00207338     9.19923e-05
1.36507     0.0027848     0.000115206
1.71072     0.00400022     0.00010949
2.20703     0.00655206     0.000187128
2.71309     0.00920394     0.000311807
3.21434     0.0114838     0.000511535
3.71657     0.0113982     0.000799672
4.38714     0.0107661     0.000960065
5.4123     0.00843165     0.00169291
6.43295     0.00788312     0.00263416
7.44652     0.00428233     0.003738
