0.351144     8.68976e-05     8.04652e-05
0.449795     0.000123663     7.87427e-05
0.549181     0.000375338     8.11641e-05
0.695221     0.000518084     6.39371e-05
0.894437     0.000997678     7.40082e-05
1.11558     0.00155411     8.01059e-05
1.365     0.00249958     0.000100022
1.71047     0.00373414     9.48989e-05
2.20697     0.00609789     0.000162386
2.71264     0.00785905     0.000271036
3.21371     0.00969371     0.000446032
3.71594     0.0108612     0.000709664
4.38481     0.0116789     0.000865268
5.41149     0.00969794     0.00154661
6.43236     0.00894642     0.0024057
7.44534     0.00679514     0.00344059
