0.350989     -6.94479e-05     -0.000319012
0.449613     0.000211223     0.000315093
0.549028     0.000627799     0.00032799
0.694644     0.000517436     0.000257682
0.893893     0.000565315     0.000306137
1.11514     0.0016739     0.000338676
1.36484     0.00263092     0.00043567
1.71061     0.00328362     0.000420705
2.20773     0.00596805     0.000742355
2.71524     0.00683883     0.00121802
3.2177     0.00773153     0.00179944
3.72049     0.00625281     0.00251299
4.40097     0.0112714     0.00282728
5.42019     0.00628534     0.00471446
6.43547     -0.00558785     -0.00724796
7.44613     -0.00178427     -0.0102528
