0.351174     3.87827e-05     0.000125444
0.449778     0.000280057     0.000122499
0.54917     0.000294185     0.000126283
0.695109     0.000692053     9.89871e-05
0.894266     0.00126319     0.000115197
1.11557     0.00214729     0.000125269
1.36511     0.00301811     0.000157704
1.71099     0.00456184     0.00015024
2.20721     0.00687451     0.000257625
2.71375     0.00974118     0.000430639
3.21535     0.0108663     0.000696782
3.71783     0.0117408     0.00104763
4.39143     0.0117141     0.00122548
5.41505     0.00623523     0.00210993
6.4337     0.00211432     0.00326182
7.4459     -0.00379974     -0.00464237
