0.351089     1.47577e-05     7.47047e-05
0.449784     5.26894e-05     7.33356e-05
0.549178     0.000177238     7.54925e-05
0.695344     0.000328685     5.96514e-05
0.894655     0.000752092     6.86713e-05
1.11553     0.00132455     7.39534e-05
1.36491     0.0017352     9.24239e-05
1.71027     0.00279211     8.75595e-05
2.20674     0.004361     0.00015013
2.71217     0.00614809     0.000251621
3.21308     0.00848404     0.00041585
3.71516     0.00903997     0.000673109
4.38185     0.00851074     0.00083391
5.41014     0.00493849     0.0015146
6.43227     0.00343926     0.00237192
7.44655     0.00345824     0.00335807
