0.351174     -0.000600742     -0.000844742
0.449778     -0.000203027     -0.000185864
0.54917     0.000483483     0.000254093
0.695109     0.00157387     0.00036977
0.894266     0.00191032     0.000680674
1.11557     0.00409816     0.000683721
1.36511     0.00688551     0.00093308
1.71099     0.0120606     0.00117172
2.20721     0.0191714     0.00207782
2.71375     0.0239093     0.00317469
3.21535     0.0304833     0.00473974
3.71783     0.036629     0.00742986
4.39143     0.0327413     0.00835353
5.41505     0.0333932     0.0161952
6.4337     0.020047     0.0261798
7.4459     -0.0125416     -0.0172094
