0.351144     -0.000101741     -3.8013e-05
0.449795     -0.000339374     -9.84004e-05
0.549181     0.000312768     0.000108362
0.695221     -0.000253838     -9.3752e-05
0.894437     0.000945929     0.000211975
1.11558     0.0019069     0.000379572
1.365     0.00370433     0.000566915
1.71047     0.00885321     0.000841485
2.20697     0.0121335     0.00152657
2.71264     0.017593     0.00251924
3.21371     0.0217012     0.00397103
3.71594     0.0282755     0.00769092
4.38481     0.0299642     0.00753601
5.41149     0.0489554     0.00966093
6.43236     0.00836427     0.0196116
7.44534     0.000485185     0.000318915
