0.351179     -0.000118453     -0.000229921
0.449787     -0.000685153     -0.00170242
0.549183     0.000431504     0.000241886
0.695156     6.36067e-05     3.32144e-05
0.894308     0.00226046     0.000610779
1.1156     0.00345497     0.000647949
1.3651     0.00642241     0.0010187
1.7109     0.00979288     0.000975879
2.20715     0.0162789     0.00165607
2.71344     0.0245372     0.00288473
3.2149     0.0236731     0.00439728
3.71731     0.036242     0.00566825
4.38916     0.0347366     0.00703676
5.41338     0.0333531     0.0100353
6.43283     0.0221963     0.0177646
7.44541     0.0396656     0.029019
