0.351147     0.000379868     0.000301447
0.449755     5.32658e-05     4.1718e-05
0.549151     -5.15071e-06     -3.85201e-06
0.695046     0.000935785     0.000429718
0.894217     0.00348972     0.00105635
1.11551     0.0040531     0.00113451
1.36509     0.0067743     0.00136349
1.71101     0.0138947     0.00183098
2.20732     0.0221438     0.00303803
2.71416     0.0275803     0.00442526
3.21589     0.0393054     0.00819373
3.71832     0.046278     0.00935855
4.39356     0.0353002     0.012716
5.41625     0.0141852     0.0202308
6.43384     0.0107195     0.0111325
7.44562     0.086253     0.0271532
