0.350989     0.00140114     0.0527482
0.449613     0.00110615     0.000456344
0.549028     0.00155189     0.000921385
0.694644     0.000732203     0.0046427
0.893893     0.00406761     0.00166797
1.11514     0.00701121     0.00205022
1.36484     0.00786439     0.00289853
1.71061     0.0141307     0.00354366
2.20773     0.0211774     0.00607991
2.71524     0.0310332     0.00976516
3.2177     0.0303178     0.0117
3.72049     0.0461498     0.0216285
4.40097     0.0427254     0.0168249
5.42019     0.0622075     0.0345605
6.43547     -0.00934515     -0.0204263
7.44613     0.0250265     0.160161
