0.351089     -0.000685374     -0.000448101
0.449784     -0.000253391     -0.000105333
0.549178     -0.000193021     -7.39766e-05
0.695344     -0.000826899     -0.000448695
0.894655     8.52961e-05     3.08113e-05
1.11553     0.00157197     0.000312217
1.36491     0.00255603     0.000386181
1.71027     0.0041844     0.000589603
2.20674     0.0103839     0.00143983
2.71217     0.0146582     0.00211806
3.21308     0.0244868     0.0034644
3.71516     0.0281864     0.00518084
4.38185     0.0309703     0.00698956
5.41014     0.00625737     0.00517051
6.43227     0.0289838     0.0308683
7.44655     0.0256487     0.0286645
