0.350868     -0.00290951     -0.00185229
0.449497     0.00223453     0.00250364
0.548927     0.00211108     0.00323783
0.694293     0.0014287     0.000881744
0.893632     -0.00175484     -0.00288111
1.11481     0.000511036     0.0163395
1.3646     0.013996     0.0065755
1.71041     0.0088981     0.0036757
2.20805     0.0168661     0.0113265
2.71603     0.0260385     0.0294504
3.2187     0.0274541     0.0184272
3.72149     0.0360137     0.0192723
4.40412     0.0379981     0.0592222
5.42251     0.0453332     0.132795
6.43563     0.110377     0.424306
7.4421     0.177029     0.112289
