0.351119     0.000619132     0.00157264
0.44972     0.00015659     0.000665781
0.549124     0.000890054     0.000578523
0.694952     0.00243919     0.000698594
0.894137     0.00382295     0.00122458
1.11544     0.0054176     0.00102235
1.36504     0.00749745     0.00137365
1.71096     0.0112075     0.00151477
2.20745     0.0184161     0.00267214
2.71444     0.0194264     0.00464298
3.21641     0.0306528     0.00580708
3.71905     0.0332568     0.00968118
4.39587     0.0294837     0.0163775
5.4174     0.00941164     0.00548192
6.43465     -0.0182307     -0.0357924
7.44518     0.0571264     0.0467776
