0.351169     4.57022e-05     2.12442e-05
0.449797     -0.000328675     -0.000308152
0.549189     0.00116946     0.000309461
0.695177     0.000560636     0.000135899
0.894347     0.00171925     0.000372621
1.11561     0.00378682     0.000501043
1.36507     0.00490603     0.000727546
1.71072     0.00964487     0.000893692
2.20703     0.0143372     0.0016814
2.71309     0.0222135     0.00255995
3.21434     0.0281191     0.004307
3.71657     0.0341812     0.00582716
4.38714     0.0283902     0.00866486
5.4123     0.0164465     0.00784892
6.43295     0.0169575     0.029372
7.44652     0.0248286     0.038704
