0.351078     0.000661945     0.00329715
0.449682     0.000613054     0.000532931
0.549091     0.00273261     0.00226531
0.69485     0.00196594     0.00104627
0.894063     0.00162739     0.000480563
1.11534     0.00637719     0.00150645
1.36499     0.0122408     0.00227062
1.71084     0.0121169     0.0024655
2.20757     0.0220608     0.00409785
2.71474     0.021103     0.00604786
3.21692     0.0228107     0.0110794
3.71962     0.0416038     0.0132735
4.39753     0.011491     0.0572624
5.41885     0.0385354     0.130968
6.43317     0.0334625     0.0173337
7.44592     0.0286324     0.0565523
