0.351078     0.000216189     0.000277917
0.449682     -5.56956e-05     -0.000272936
0.549091     5.43996e-05     0.000283602
0.69485     0.000726935     0.000221134
0.894063     0.000993     0.00026125
1.11534     0.001814     0.00028621
1.36499     0.00315676     0.000365463
1.71084     0.00468036     0.000349981
2.20757     0.00806349     0.00061039
2.71474     0.0114227     0.00102825
3.21692     0.0122107     0.00158972
3.71962     0.0149163     0.00227264
4.39753     0.00734123     0.00258978
5.41885     0.00698352     0.00434442
6.43317     0.00517839     0.00666268
7.44592     0.000182681     0.00948576
