0.351179     7.81396e-05     0.000121007
0.449787     -1.24406e-05     -0.000118435
0.549183     0.000162315     0.000121913
0.695156     0.000345642     9.5202e-05
0.894308     0.000518655     0.00011122
1.1156     0.000822678     0.000120258
1.3651     0.00148024     0.00015107
1.7109     0.00234978     0.000143507
2.20715     0.00436227     0.000246194
2.71344     0.0055631     0.00041132
3.2149     0.00906642     0.000673474
3.71731     0.00934986     0.001037
4.38916     0.00624614     0.00123247
5.41338     0.00605223     0.00214602
6.43283     0.00658374     0.00331719
7.44541     -0.00184605     -0.00472628
