0.351147     0.000192228     0.00016703
0.449755     -0.000142072     -0.00016324
0.549151     0.000212728     0.000168587
0.695046     0.000525976     0.000131698
0.894217     0.00117601     0.000154034
1.11551     0.00174596     0.000168028
1.36509     0.00218287     0.000212107
1.71101     0.00418807     0.00020254
2.20732     0.0069894     0.000348527
2.71416     0.00989491     0.00058662
3.21589     0.010433     0.000940131
3.71832     0.0101479     0.00139574
4.39356     0.0113438     0.00161795
5.41625     0.0063103     0.00275541
6.43384     0.00681183     0.00423696
7.44562     0.00592899     0.00603165
