0.351119     2.92615e-05     0.000210164
0.44972     -0.000149031     -0.00020617
0.549124     0.00040874     0.000213256
0.694952     0.000515297     0.000166176
0.894137     0.00109581     0.000195982
1.11544     0.00188206     0.000213741
1.36504     0.00287341     0.00027145
1.71096     0.00448755     0.000259607
2.20745     0.00790365     0.00044759
2.71444     0.0115116     0.000756469
3.21641     0.0110987     0.0011919
3.71905     0.0124218     0.00174285
4.39587     0.0097064     0.00199258
5.4174     0.00999999     0.0033789
6.43465     0.0109834     0.00517207
7.44518     -0.00349237     -0.00733351
