0.351144     -0.00016202     -0.000107924
0.449795     0.000134797     0.00010545
0.549181     3.07661e-05     0.000108759
0.695221     0.000149818     8.51386e-05
0.894437     0.000184436     9.86501e-05
1.11558     0.000327613     0.000106777
1.365     0.000759696     0.000134265
1.71047     0.00122666     0.000127355
2.20697     0.00225834     0.000217798
2.71264     0.00279584     0.000365332
3.21371     0.0044058     0.000601731
3.71594     0.00391003     0.000959184
4.38481     0.00506357     0.00117062
5.41149     5.24059e-05     0.00209801
6.43236     -0.00223835     -0.00325457
7.44534     0.00477114     0.00462389
