0.351174     1.66614e-05     0.000139102
0.449778     0.000218258     0.00013609
0.54917     -9.59387e-05     -0.000140326
0.695109     0.000387022     0.000109604
0.894266     0.000877801     0.000127884
1.11557     0.0011255     0.000139076
1.36511     0.00220098     0.000175264
1.71099     0.00352529     0.000166986
2.20721     0.00570083     0.000286074
2.71375     0.00894936     0.000479132
3.21535     0.0107279     0.000778086
3.71783     0.0110283     0.00117817
4.39143     0.00844676     0.00137945
5.41505     0.0103297     0.00238087
6.4337     0.00669208     0.00366736
7.4459     -0.00183551     -0.00519372
