0.351169     -9.73734e-05     -0.000111866
0.449797     0.000220222     0.000109311
0.549189     -2.8997e-05     -0.000112507
0.695177     0.000134386     8.82047e-05
0.894347     0.000288386     0.000102324
1.11561     0.00072728     0.000110956
1.36507     0.00117951     0.000139315
1.71072     0.00178106     0.000132194
2.20703     0.00307586     0.000226255
2.71309     0.00483102     0.000378493
3.21434     0.00628334     0.000620723
3.71657     0.00711896     0.000976653
4.38714     0.00694804     0.00117406
5.4123     0.00340242     0.00207715
6.43295     0.002128     0.00322495
7.44652     -0.00249655     -0.0045725
