0.350576     0.599437     0.0575468
0.449446     0.676755     0.0374012
0.54895     0.735681     0.0277813
0.694678     0.847078     0.0155879
0.894156     0.917226     0.0121284
1.11535     0.947685     0.00968668
1.365     0.957664     0.00922788
1.71242     1.05501     0.00717189
2.20727     1.06295     0.00901772
2.71286     1.07904     0.0128357
3.21389     1.05269     0.0209691
3.7161     1.04217     0.0328861
4.38528     1.08989     0.0448726
5.4119     1.03308     0.100506
6.43278     1.07607     0.21118
7.44544     0.968548     0.445815
