0.35034     0.703926     0.0449747
0.449165     0.753231     0.0266187
0.5487     0.811767     0.0195087
0.693762     0.824231     0.00999189
0.893349     0.824183     0.0083322
1.11458     0.815975     0.00704667
1.36463     0.828769     0.00778277
1.71207     0.843477     0.00604651
2.20833     0.892987     0.0100451
2.71623     0.95567     0.0153313
3.21887     0.989926     0.0227771
3.72162     1.00119     0.033378
4.40462     0.999697     0.0447606
5.42277     0.996069     0.096813
6.43569     0.992544     0.195437
7.44253     1.01847     0.319904
