0.350463     0.762288     0.0242699
0.44928     0.814684     0.0144437
0.548803     0.819142     0.0104278
0.694112     0.832165     0.00546938
0.893616     0.822153     0.00443891
1.11491     0.826314     0.00367608
1.36486     0.826188     0.00378045
1.71234     0.83131     0.00290395
2.20805     0.866331     0.00458285
2.71543     0.926076     0.00739396
3.21783     0.964116     0.011028
3.72055     0.992755     0.0168553
4.40138     1.00145     0.0218403
5.4208     1.00641     0.0503655
6.43594     1.011     0.0959252
7.44632     1.00805     0.200879
