0.350615     0.780044     0.0249943
0.44942     0.836001     0.0152904
0.548924     0.833971     0.0109335
0.694505     0.835017     0.00589886
0.893932     0.843616     0.00466662
1.11527     0.840115     0.00376308
1.36509     0.82493     0.0036352
1.71274     0.831829     0.00273797
2.20761     0.835911     0.00356338
2.71431     0.872982     0.00571853
3.216     0.916969     0.00935288
3.7185     0.972466     0.0149617
4.39413     0.998882     0.0196205
5.41676     1.01007     0.0484217
6.43451     0.999794     0.0988543
7.44583     0.97168     0.187914
