0.350589     0.813017     0.0256568
0.449386     0.805285     0.0152413
0.548897     0.833243     0.0109818
0.694416     0.831433     0.0058877
0.893856     0.836413     0.00468572
1.1152     0.836171     0.00380943
1.36504     0.818688     0.00373749
1.71268     0.825462     0.00281654
2.20775     0.838866     0.00380896
2.71459     0.876856     0.00628202
3.21649     0.941717     0.0102684
3.71924     0.975184     0.0156842
4.3962     0.996894     0.0212077
5.41757     1.00161     0.0469281
6.43529     0.999278     0.108684
7.44511     1.00888     0.188969
