0.350504     -0.0931505     -0.128245
0.449429     0.239229     0.0850545
0.548943     0.29961     0.0641444
0.694796     0.509507     0.0375269
0.894377     0.666719     0.0293922
1.11531     0.826855     0.0237383
1.36491     0.882781     0.0234004
1.71229     1.18347     0.0197835
2.20703     1.36168     0.027104
2.71244     1.35297     0.0384879
3.21326     1.33851     0.0630943
3.71532     1.30895     0.109588
4.3824     1.17935     0.134711
5.41069     1.00788     0.234762
6.43242     1.05912     0.8393
7.44662     0.85392     3.23745
