0.350547     0.762934     0.0273623
0.44935     0.802066     0.0164702
0.548863     0.821783     0.0118509
0.694311     0.833813     0.00629108
0.893781     0.838385     0.00502954
1.11511     0.827523     0.00410892
1.36499     0.824948     0.00410682
1.71254     0.832667     0.00311539
2.20787     0.853763     0.00441683
2.71491     0.893719     0.0074974
3.21707     0.954839     0.0118565
3.71972     0.980149     0.0178991
4.39784     1.00443     0.0235214
5.41918     1.0044     0.0536963
6.43413     0.996508     0.117569
7.44646     1.00031     0.192948
