0.350614     0.729318     0.0384505
0.449452     0.789614     0.024467
0.548958     0.840652     0.0177598
0.694638     0.868089     0.00988426
0.894069     0.893708     0.00772772
1.11537     0.892748     0.00616596
1.36506     0.882284     0.00585241
1.71259     0.915329     0.00441704
2.20734     0.929411     0.00550053
2.71331     0.928782     0.00782866
3.2145     0.963717     0.01324
3.71678     0.985322     0.0213266
4.38767     1.02158     0.0286881
5.41263     1.01135     0.0646467
6.433     1.00461     0.185608
7.4465     1.00379     0.261141
