0.350634     0.741028     0.0262274
0.449438     0.786818     0.0159935
0.548942     0.79422     0.0116162
0.694568     0.837123     0.00631268
0.893987     0.836121     0.0049641
1.11534     0.83914     0.00398515
1.3651     0.834262     0.00385483
1.71276     0.839318     0.00288002
2.20751     0.839796     0.00365043
2.71395     0.868652     0.00557159
3.21543     0.91055     0.00944013
3.71796     0.961716     0.0151255
4.39187     0.983347     0.0198675
5.41534     1.0067     0.0487867
6.43406     0.999234     0.115365
7.44604     1.00155     0.205546
