0.350631     0.770712     0.0299958
0.449448     0.77457     0.0186018
0.548954     0.806524     0.0135571
0.694614     0.838649     0.0074262
0.894026     0.854734     0.00582597
1.11536     0.855366     0.00463904
1.36509     0.846289     0.0044557
1.71273     0.8623     0.00332997
2.20747     0.866125     0.00416605
2.71364     0.884571     0.00608287
3.215     0.91988     0.0103798
3.71744     0.968793     0.0166202
4.3898     0.997171     0.0222146
5.41407     0.996416     0.0536936
6.43329     0.998624     0.108718
7.44587     1.01708     0.239667
