0.350631     -1.16451     -0.187837
0.449448     -0.0693935     -0.106424
0.548954     0.52186     0.0725609
0.694614     0.966267     0.0374199
0.894026     1.26462     0.026056
1.11536     1.42393     0.0190074
1.36509     1.46683     0.0167464
1.71273     1.58948     0.0110956
2.20747     1.57521     0.0128291
2.71364     1.52685     0.0175825
3.215     1.34432     0.0253716
3.71744     1.16546     0.0326293
4.3898     1.14128     0.0385853
5.41407     1.05197     0.0813923
6.43329     1.03302     0.184589
7.44587     1.08115     0.593368
