0.35034     -3.18135     -1.09358
0.449165     -2.31411     -0.694371
0.5487     -0.237127     -0.319972
0.693762     0.558476     0.146908
0.893349     0.695284     0.105374
1.11458     1.01406     0.0847752
1.36463     1.11338     0.0873622
1.71207     1.37693     0.0668018
2.20833     1.25202     0.0966086
2.71623     1.18035     0.125174
3.21887     1.07412     0.15849
3.72162     1.11499     0.293857
4.40462     1.07668     0.372566
5.42277     1.09735     1.64466
6.43569     1.06045     1.22817
7.44253     0.946248     1.02427
