0.350504     -6.43424     -0.408962
0.449429     -4.73664     -0.269666
0.548943     -3.08664     -0.19377
0.694796     -1.44773     -0.101677
0.894377     -0.253848     -0.0712355
1.11531     0.292254     0.0518706
1.36491     0.637381     0.0455341
1.71229     1.29758     0.0318678
2.20703     1.55002     0.0372501
2.71244     1.57275     0.0504852
3.21326     1.49396     0.0810175
3.71532     1.38295     0.124447
4.3824     1.20478     0.113963
5.41069     1.07435     0.253806
6.43242     0.989019     0.309309
7.44662     1.15731     2.44617
