0.350463     -0.97113     -0.312923
0.44928     0.165368     0.173313
0.548803     0.594046     0.113716
0.694112     1.11227     0.0532099
0.893616     1.20192     0.0385472
1.11491     1.25918     0.0295695
1.36486     1.35106     0.0283338
1.71234     1.42452     0.0197788
2.20805     1.40099     0.0285715
2.71543     1.21321     0.0385055
3.21783     1.11743     0.0448395
3.72055     1.06707     0.0569511
4.40138     1.04912     0.0718728
5.4208     1.00893     0.215728
6.43594     0.97407     0.367393
7.44632     0.946381     0.673356
