0.350589     -0.628832     -0.240449
0.449386     0.454076     0.119819
0.548897     0.746098     0.0825206
0.694416     1.15476     0.0408101
0.893856     1.34543     0.0290274
1.1152     1.42589     0.0215445
1.36504     1.47004     0.0199281
1.71268     1.54241     0.0134399
2.20775     1.49942     0.0167317
2.71459     1.39002     0.0248366
3.21649     1.20759     0.0317547
3.71924     1.11027     0.0403359
4.3962     1.07569     0.0479598
5.41757     1.02155     0.0995135
6.43529     1.01003     0.256437
7.44511     0.98704     0.757538
