0.350634     -0.664067     -0.1825
0.449438     0.275908     0.107703
0.548942     0.71302     0.0708517
0.694568     1.13569     0.0355063
0.893987     1.33134     0.0251922
1.11534     1.40411     0.0183074
1.3651     1.46717     0.0163406
1.71276     1.57117     0.0109586
2.20751     1.56921     0.0128465
2.71395     1.48043     0.018253
3.21543     1.31064     0.0252347
3.71796     1.16342     0.0322039
4.39187     1.13111     0.0391859
5.41534     1.05889     0.0862075
6.43406     1.05135     0.253152
7.44604     0.957085     0.777551
