0.350547     -0.499163     -0.245394
0.44935     0.534891     0.143356
0.548863     0.880879     0.100027
0.694311     1.15723     0.0494048
0.893781     1.33441     0.0348662
1.11511     1.39941     0.0259611
1.36499     1.40721     0.0242577
1.71254     1.50688     0.0166865
2.20787     1.48435     0.0221624
2.71491     1.3313     0.0317011
3.21707     1.18784     0.0397364
3.71972     1.11659     0.0499903
4.39784     1.07172     0.0639666
5.41918     1.03255     0.173798
6.43413     1.03056     0.238089
7.44646     0.993513     0.399381
