0.350615     -0.459868     -0.198104
0.44942     0.350557     0.107713
0.548924     0.734446     0.0745914
0.694505     1.14419     0.0366492
0.893932     1.34915     0.0262486
1.11527     1.41421     0.0192003
1.36509     1.44141     0.0172582
1.71274     1.55261     0.0116311
2.20761     1.52673     0.0140074
2.71431     1.43871     0.0205839
3.216     1.24455     0.0267446
3.7185     1.12584     0.0337593
4.39413     1.1199     0.0440229
5.41676     1.05262     0.0964155
6.43451     1.01707     0.217591
7.44583     0.967417     0.818034
