0.350576     -2.75735     -0.257339
0.449446     -1.56458     -0.159096
0.54895     -0.622247     -0.110494
0.694678     0.297732     0.0572884
0.894156     0.905871     0.039774
1.11535     1.1612     0.0284224
1.365     1.32111     0.024948
1.71242     1.60361     0.0166086
2.20727     1.65451     0.018806
2.71286     1.588     0.0240547
3.21389     1.52     0.0383267
3.7161     1.25692     0.0481343
4.38528     1.20413     0.0579191
5.4119     1.08766     0.114179
6.43278     1.01659     0.272715
7.44544     1.01503     1.13828
