0.350614     -1.05398     -0.199605
0.449452     -0.576428     -0.121671
0.548958     0.308286     0.0833901
0.694638     0.880735     0.0435424
0.894069     1.1769     0.0303199
1.11537     1.38387     0.0219207
1.36506     1.4393     0.0192885
1.71259     1.60556     0.0126357
2.20734     1.63497     0.0144348
2.71331     1.57099     0.0192062
3.2145     1.41736     0.0293155
3.71678     1.21475     0.036782
4.38767     1.17859     0.0434271
5.41263     1.06012     0.0967304
6.433     1.0272     0.217413
7.4465     0.979067     0.486884
