0.350614     -0.999843     -0.706503
0.449452     -1.1131     -0.427029
0.548958     0.446375     0.250529
0.694638     0.212299     0.11391
0.894069     0.445887     0.0690551
1.11537     0.533176     0.0455371
1.36506     0.60757     0.0367622
1.71259     0.573515     0.0217226
2.20734     0.633851     0.0222572
2.71331     0.643556     0.0290539
3.2145     0.746053     0.0498352
3.71678     0.850423     0.0945133
4.38767     0.85879     0.108429
5.41263     1.01778     0.235104
6.433     0.950628     0.443671
7.4465     0.952455     1.18407
