0.350504     -6.20433     -1.16288
0.449429     -2.7577     -0.591419
0.548943     -1.48664     -0.334573
0.694796     -0.580605     -0.158218
0.894377     -0.0172529     -0.0919739
1.11531     0.368169     0.0587392
1.36491     0.396678     0.0465714
1.71229     0.64371     0.0278202
2.20703     0.68636     0.0278828
2.71244     0.64937     0.0344407
3.21326     0.719555     0.0503444
3.71532     0.820576     0.0999877
4.3824     0.974987     0.133639
5.41069     0.952693     0.402107
6.43242     0.896836     1.52833
7.44662     0.946553     1.25829
