0.350504     39.9506     9.19418
0.449429     14.3849     3.45316
0.548943     14.0778     2.26413
0.694796     6.55451     1.1466
0.894377     4.54402     0.708533
1.11531     3.31385     0.469052
1.36491     2.53207     0.3781
1.71229     1.32515     0.280901
2.20703     1.1898     0.335781
2.71244     1.29062     0.387821
3.21326     1.60846     0.488623
3.71532     2.25037     1.95206
4.3824     2.00583     2.41299
5.41069     -300.302     -173488
6.43242     1.86738     4.54052
7.44662     1.25654     3.33384
