0.350576     -2.38464     -0.746217
0.449446     -1.27606     -0.409683
0.54895     -0.729107     -0.248393
0.694678     -0.0809402     -0.120945
0.894156     0.295713     0.0725673
1.11535     0.452732     0.0466594
1.365     0.53604     0.0379185
1.71242     0.661142     0.0222654
2.20727     0.664394     0.0229427
2.71286     0.661217     0.0285565
3.21389     0.716111     0.0466291
3.7161     0.795327     0.0764015
4.38528     0.856245     0.113402
5.4119     1.04734     0.222416
6.43278     0.957591     0.419667
7.44544     1.0122     1.19478
