0.350547     -11.3849     -7.86886
0.44935     -1.65632     -0.727773
0.548863     -0.418128     -0.470389
0.694311     -0.442793     -0.190639
0.893781     -0.178421     -0.123281
1.11511     0.203599     0.0888422
1.36499     0.328878     0.0737123
1.71254     0.442899     0.0464769
2.20787     0.446111     0.0594299
2.71491     0.613528     0.0967036
3.21707     0.835479     0.143237
3.71972     0.864388     0.291894
4.39784     0.845877     1.14169
5.41918     0.252299     1.90249
6.43413     1.033     2.5376
7.44646     10.7113     840.382
