0.350547     1.27667     0.524459
0.44935     0.678034     0.233368
0.548863     0.851973     0.143588
0.694311     0.713512     0.0614144
0.893781     0.644333     0.0391464
1.11511     0.571253     0.0265156
1.36499     0.632207     0.022974
1.71254     0.603113     0.0148011
2.20787     0.629458     0.0192097
2.71491     0.719562     0.033871
3.21707     0.829715     0.0550486
3.71972     0.99818     0.0988624
4.39784     0.997915     0.142619
5.41918     0.918548     0.449782
6.43413     0.899893     0.987888
7.44646     1.01535     0.878473
