0.35034     8.13689     6.62335
0.449165     12.2168     12.6157
0.5487     -6.32896     -9.36787
0.693762     -4.52334     -2.33417
0.893349     -3.29155     -1.49745
1.11458     -1.43109     -0.535339
1.36463     -0.819234     -0.475576
1.71207     0.45201     0.233936
2.20833     0.214091     0.536603
2.71623     0.206475     0.808288
3.21887     1.15483     0.535501
3.72162     -0.614574     -4.48628
4.40462     0.561745     1.77807
5.42277     0.962736     0.93975
6.43569     1.01336     1.94205
7.44253     1.03631     1.7031
