0.350589     -4.7823     -1.59019
0.449386     -2.92984     -0.834136
0.548897     -1.05178     -0.338506
0.694416     -0.485635     -0.153511
0.893856     0.0795469     0.096462
1.1152     0.218275     0.065645
1.36504     0.418185     0.0565874
1.71268     0.430245     0.0348294
2.20775     0.498429     0.0417945
2.71459     0.590139     0.0675697
3.21649     0.789569     0.137696
3.71924     0.830561     0.19773
4.3962     0.858175     0.300353
5.41757     0.966072     0.869674
6.43529     1.0009     1.26677
7.44511     0.996334     0.78171
