0.35034     3.21576     1.46607
0.449165     0.505595     0.383326
0.5487     0.911254     0.270161
0.693762     0.671186     0.124001
0.893349     0.589003     0.0771762
1.11458     0.632911     0.0563805
1.36463     0.546811     0.05636
1.71207     0.526039     0.0358232
2.20833     0.656197     0.0615167
2.71623     0.819147     0.0992643
3.21887     0.841909     0.183791
3.72162     0.977296     0.249151
4.40462     1.04453     0.290946
5.42277     1.13941     2.26291
6.43569     0.973599     0.779535
7.44253     0.720464     28.7263
