0.350615     -3.39897     -1.35169
0.44942     -0.485332     -0.406012
0.548924     0.0462152     0.274292
0.694505     -0.130782     -0.129096
0.893932     0.298971     0.0825642
1.11527     0.277957     0.0550299
1.36509     0.39066     0.046094
1.71274     0.536463     0.0281521
2.20761     0.521897     0.0314467
2.71431     0.542065     0.0478098
3.216     0.729587     0.08643
3.7185     0.909754     0.114509
4.39413     0.873692     0.229321
5.41676     1.00309     0.749464
6.43451     1.35111     17.8875
7.44583     1.7292     44.5899
