0.350576     8.23117     2.06213
0.449446     5.00389     1.04776
0.54895     2.7765     0.679577
0.694678     1.39167     0.312178
0.894156     1.56059     0.19092
1.11535     1.21334     0.128589
1.365     1.07189     0.103148
1.71242     1.05083     0.0685167
2.20727     1.04993     0.0736731
2.71286     0.932111     0.0970912
3.21389     0.909252     0.133975
3.7161     0.941318     0.262586
4.38528     0.815281     0.248992
5.4119     0.671677     2.26758
6.43278     -0.0241145     -38.9344
7.44544     0.807056     7.14453
