0.350463     0.826391     0.472412
0.44928     0.788875     0.219984
0.548803     0.666142     0.126491
0.694112     0.617798     0.0540537
0.893616     0.606464     0.0350222
1.11491     0.592971     0.0243248
1.36486     0.598451     0.0219361
1.71234     0.583571     0.0144886
2.20805     0.640495     0.0214643
2.71543     0.74688     0.0358585
3.21783     0.858813     0.0577105
3.72055     0.938689     0.0892888
4.40138     0.96923     0.137676
5.4208     1.03232     0.262245
6.43594     1.02226     0.985741
7.44632     1.24692     5.6977
