0.350631     -2.79946     -0.82797
0.449448     -0.444336     -0.397455
0.548954     -0.18858     -0.242735
0.694614     0.239148     0.10886
0.894026     0.415407     0.0671085
1.11536     0.448464     0.0457632
1.36509     0.534967     0.0373561
1.71273     0.623505     0.0222242
2.20747     0.616443     0.0232582
2.71364     0.588204     0.0311194
3.215     0.731791     0.0563854
3.71744     0.858912     0.0859659
4.3898     0.961128     0.129632
5.41407     1.01685     0.430012
6.43329     0.932749     0.729433
7.44587     1.02204     1.0592
