0.350615     1.87044     0.516606
0.44942     1.09316     0.243841
0.548924     0.950778     0.143741
0.694505     0.662025     0.0639575
0.893932     0.725702     0.0399218
1.11527     0.650264     0.0266858
1.36509     0.619605     0.0222046
1.71274     0.618022     0.0138582
2.20761     0.610783     0.0162456
2.71431     0.662424     0.025246
3.216     0.769209     0.0422547
3.7185     0.884221     0.0781044
4.39413     1.04638     0.118769
5.41676     0.968536     0.243048
6.43451     1.12448     0.630966
7.44583     1.0023     0.813007
