0.350631     2.37717     0.73503
0.449448     1.56786     0.356533
0.548954     0.944263     0.219296
0.694614     0.900994     0.0992351
0.894026     0.784504     0.0621251
1.11536     0.712709     0.0408687
1.36509     0.723671     0.0336493
1.71273     0.708752     0.0209152
2.20747     0.697733     0.022941
2.71364     0.723509     0.0312264
3.215     0.713678     0.054152
3.71744     0.875528     0.101295
4.3898     1.05703     0.147998
5.41407     1.11265     0.364516
6.43329     0.970277     0.703524
7.44587     1.1289     0.875831
