0.350634     -3.0179     -0.884607
0.449438     -0.407239     -0.417894
0.548942     -0.00610401     -0.248991
0.694568     0.0777561     0.117285
0.893987     0.220114     0.0720026
1.11534     0.384938     0.0479716
1.3651     0.56241     0.0395396
1.71276     0.53073     0.0243896
2.20751     0.581348     0.0270808
2.71395     0.64996     0.0373912
3.21543     0.704511     0.0689897
3.71796     0.813928     0.119402
4.39187     0.931719     0.14985
5.41534     0.966855     0.353793
6.43406     0.761089     1.68323
7.44604     1.00663     1.7596
