0.350463     -25.9393     -39.6689
0.44928     -5.43294     -1.9712
0.548803     -2.11415     -0.661568
0.694112     -1.17262     -0.254832
0.893616     -0.343057     -0.159152
1.11491     -0.0535009     -0.112188
1.36486     0.128416     0.10006
1.71234     0.314153     0.0648582
2.20805     0.51887     0.0991372
2.71543     0.573089     0.164488
3.21783     0.747485     0.408268
3.72055     0.748738     0.586422
4.40138     0.870953     0.385713
5.4208     1.08877     1.12912
6.43594     0.110464     20.1721
7.44632     1.04149     2.58014
