0.350634     2.06368     0.580577
0.449438     0.863103     0.280724
0.548942     1.09188     0.170152
0.694568     0.811622     0.0744363
0.893987     0.704211     0.0467534
1.11534     0.648043     0.0308131
1.3651     0.654968     0.0255315
1.71276     0.639954     0.0159644
2.20751     0.655689     0.0180142
2.71395     0.666395     0.0258193
3.21543     0.766309     0.0473029
3.71796     0.908552     0.0738855
4.39187     0.952923     0.102206
5.41534     0.949489     0.328692
6.43406     0.670002     2.15057
7.44604     1.11498     2.46741
