0.350589     1.1479     0.516367
0.449386     0.984421     0.227272
0.548897     0.871456     0.136183
0.694416     0.654056     0.0597938
0.893856     0.637017     0.0375373
1.1152     0.645986     0.0254158
1.36504     0.629588     0.0216655
1.71268     0.594842     0.0135968
2.20775     0.664823     0.0168957
2.71459     0.669322     0.026891
3.21649     0.782897     0.0480557
3.71924     0.905852     0.076428
4.3962     0.967756     0.116726
5.41757     0.94399     0.240817
6.43529     0.915019     0.661729
7.44511     1.1067     1.00283
