0.350614     1.98536     1.09989
0.449452     1.33178     0.554369
0.548958     1.02175     0.331193
0.694638     1.20452     0.15702
0.894069     0.799573     0.0973198
1.11537     0.776003     0.0647583
1.36506     0.700747     0.0516965
1.71259     0.732477     0.0328942
2.20734     0.676699     0.0354256
2.71331     0.748192     0.0472833
3.2145     0.839317     0.0751488
3.71678     0.79904     0.126602
4.38767     0.993615     0.216479
5.41263     1.00084     0.324548
6.433     0.858301     0.700363
7.4465     1.00195     0.864125
