0.350634     -2.49245     -3.99513
0.449438     2.2952     2.01353
0.548942     2.12066     1.0672
0.694568     1.35708     0.428585
0.893987     1.69802     0.252628
1.11534     1.51944     0.15431
1.3651     1.47166     0.121082
1.71276     1.53764     0.0704458
2.20751     1.53873     0.0685856
2.71395     1.40241     0.0882124
3.21543     1.09547     0.105875
3.71796     1.13458     0.160837
4.39187     1.13704     0.186742
5.41534     0.972975     0.398134
6.43406     1.08377     0.634918
7.44604     -0.248771     -6.20608
