0.350614     -3.2498     -5.59211
0.449452     1.95789     2.48478
0.548958     1.75027     1.53273
0.694638     2.19731     0.676013
0.894069     2.18917     0.386346
1.11537     2.12187     0.242667
1.36506     1.53962     0.188072
1.71259     1.91938     0.109037
2.20734     1.79332     0.104461
2.71331     1.5103     0.119859
3.2145     1.26099     0.17102
3.71678     1.30399     0.219062
4.38767     1.20767     0.266335
5.41263     1.24345     0.474586
6.433     1.09405     0.948642
7.4465     0.871782     2.60856
