0.350576     20.7735     9.90364
0.449446     11.1794     4.32822
0.54895     6.70306     2.66376
0.694678     4.17587     1.11174
0.894156     2.16558     0.641364
1.11535     2.08212     0.396735
1.365     2.68395     0.317662
1.71242     2.51405     0.188784
2.20727     1.8259     0.175915
2.71286     1.7814     0.193455
3.21389     1.69245     0.327399
3.7161     1.2794     0.235209
4.38528     1.08412     0.263271
5.4119     0.862614     1.17508
6.43278     -1.97699     -30.0788
7.44544     0.890779     0.609217
