0.350504     36.5769     15.9341
0.449429     40.4934     11.871
0.548943     31.1308     8.22443
0.694796     17.248     2.86175
0.894377     8.21261     1.7773
1.11531     7.12756     1.08118
1.36491     4.5115     0.862178
1.71229     2.97407     0.559072
2.20703     2.36241     0.585939
2.71244     2.47557     0.660132
3.21326     1.57556     0.840286
3.71532     2.53275     3.0654
4.3824     2.70743     68.2864
5.41069     1.66514     2.98464
6.43242     -0.0124675     -14.7206
7.44662     0.834493     3.21943
