0.350589     -2.8607     -4.96514
0.449386     2.04713     1.74552
0.548897     3.90269     1.10756
0.694416     2.13393     0.462598
0.893856     1.35053     0.263214
1.1152     1.60808     0.164198
1.36504     1.4992     0.131055
1.71268     1.53314     0.0780118
2.20775     1.3924     0.0780206
2.71459     1.36398     0.114437
3.21649     1.19513     0.166113
3.71924     1.02989     0.166583
4.3962     1.00141     0.212858
5.41757     1.07417     0.715648
6.43529     0.725787     3.36461
7.44511     1.23617     7.10363
