0.350615     9.62155     4.97235
0.44942     0.974498     1.96459
0.548924     1.23454     1.06607
0.694505     1.58267     0.415325
0.893932     1.18503     0.249851
1.11527     1.60271     0.1539
1.36509     1.38724     0.119329
1.71274     1.56842     0.0691276
2.20761     1.56052     0.0711768
2.71431     1.2456     0.0949361
3.216     1.27286     0.129145
3.7185     1.07107     0.163827
4.39413     1.06765     0.218637
5.41676     0.95973     0.376597
6.43451     -2.9063     -170.714
7.44583     0.979498     1.34363
