0.350463     -7.51932     -5.62775
0.44928     2.18363     2.81501
0.548803     2.89064     1.80298
0.694112     1.8645     0.65861
0.893616     1.61233     0.403447
1.11491     0.995696     0.244153
1.36486     1.20338     0.1981
1.71234     1.13082     0.119242
2.20805     1.22497     0.143049
2.71543     0.924232     0.189476
3.21783     1.14266     0.272435
3.72055     0.993352     0.250386
4.40138     1.0175     0.464784
5.4208     0.950311     1.16634
6.43594     1.45548     22.3902
7.44632     0.598293     4.29211
