0.350547     2.36665     4.2244
0.44935     0.265758     2.4457
0.548863     1.5115     1.13638
0.694311     2.7478     0.570785
0.893781     1.87962     0.313901
1.11511     1.15381     0.19066
1.36499     1.41741     0.159717
1.71254     1.30833     0.0947147
2.20787     1.25389     0.105981
2.71491     1.41051     0.14936
3.21707     1.13335     0.165952
3.71972     1.23141     0.350301
4.39784     1.04795     0.24871
5.41918     1.18463     1.164
6.43413     1.18429     1.25911
7.44646     1.0965     5.66671
