0.35034     -52.373     -1109.55
0.449165     7.6371     15.2338
0.5487     -0.123497     -4.92121
0.693762     3.85068     4.01346
0.893349     1.18237     1.25199
1.11458     1.40498     1.00657
1.36463     1.48354     0.660926
1.71207     -0.0604364     -0.424055
2.20833     1.30664     0.52885
2.71623     1.34251     0.785248
3.21887     1.39345     0.928146
3.72162     0.965827     1.24561
4.40462     0.915235     0.903354
5.42277     0.899007     2.9127
6.43569     0.984485     1.19101
7.44253     0.961388     2.16955
