0.350631     5.31757     4.58563
0.449448     0.499665     2.05286
0.548954     2.55608     1.20975
0.694614     1.36901     0.497036
0.894026     1.55548     0.293229
1.11536     1.67865     0.180391
1.36509     1.31884     0.137525
1.71273     1.61683     0.0801786
2.20747     1.5359     0.0786649
2.71364     1.46967     0.090853
3.215     1.29276     0.118714
3.71744     1.04843     0.131164
4.3898     1.10614     0.243357
5.41407     1.15818     0.534754
6.43329     1.08837     0.74358
7.44587     1.07408     1.0239
