0.350634     0.00192502     5.57359e-05
0.449438     0.00317836     5.58814e-05
0.548942     0.00459765     5.87904e-05
0.694568     0.00709776     4.65555e-05
0.893987     0.0108067     5.55181e-05
1.11534     0.014731     6.11375e-05
1.3651     0.0192726     7.7613e-05
1.71276     0.0253381     7.38972e-05
2.20751     0.0337849     0.000123028
2.71395     0.0408846     0.00019723
3.21543     0.0449127     0.000303765
3.71796     0.0454391     0.000455369
4.39187     0.0412868     0.000536172
5.41534     0.0294122     0.000971133
6.43406     0.0186931     0.00153967
7.44604     0.0140552     0.00220084
