0.350547     0.00269365     8.52074e-05
0.44935     0.00486355     8.58928e-05
0.548863     0.00710969     9.08261e-05
0.694311     0.0108758     7.24113e-05
0.893781     0.0164083     8.70323e-05
1.11511     0.0223943     9.65249e-05
1.36499     0.0291379     0.000123121
1.71254     0.037795     0.000118049
2.20787     0.0494314     0.000195982
2.71491     0.0564246     0.000310939
3.21707     0.0597644     0.000471675
3.71972     0.0574813     0.00069204
4.39784     0.0505719     0.000791269
5.41918     0.0357856     0.0013867
6.43413     0.0267197     0.00214941
7.44646     0.0197606     0.00308161
