0.350589     0.00268761     7.20452e-05
0.449386     0.00439778     7.24661e-05
0.548897     0.00647262     7.64599e-05
0.694416     0.00977537     6.07954e-05
0.893856     0.0147941     7.28389e-05
1.1152     0.0204069     8.05669e-05
1.36504     0.026114     0.000102526
1.71268     0.0342566     9.8086e-05
2.20775     0.0450183     0.000162875
2.71459     0.0528469     0.000259279
3.21649     0.0569982     0.000394944
3.71924     0.0559228     0.000584068
4.3962     0.0480157     0.000673911
5.41757     0.0369685     0.00119433
6.43529     0.023459     0.00185956
7.44511     0.0161529     0.00267306
