0.350504     0.000341082     5.78778e-05
0.449429     0.000474415     5.81788e-05
0.548943     0.000685636     6.12009e-05
0.694796     0.00119339     4.82467e-05
0.894377     0.00189588     5.69525e-05
1.11531     0.00279116     6.22654e-05
1.36491     0.00366929     7.91241e-05
1.71229     0.00509876     7.50913e-05
2.20703     0.00713304     0.000126855
2.71244     0.00889215     0.000207707
3.21326     0.0104472     0.000327705
3.71532     0.0110029     0.000507984
4.3824     0.0108354     0.000625825
5.41069     0.00631779     0.00120104
6.43242     0.00583081     0.00193492
7.44662     0.00716538     0.00279201
