0.350576     0.00072919     4.83494e-05
0.449446     0.00125612     4.85232e-05
0.54895     0.00174843     5.10189e-05
0.694678     0.00274933     4.02865e-05
0.894156     0.0042781     4.78161e-05
1.11535     0.00607843     5.24698e-05
1.365     0.00795996     6.66053e-05
1.71242     0.010615     6.32642e-05
2.20727     0.0145119     0.000106373
2.71286     0.0184139     0.000172878
3.21389     0.0202313     0.000270619
3.7161     0.0221623     0.000415554
4.38528     0.0204305     0.000504726
5.4119     0.0152739     0.000953002
6.43278     0.0111192     0.00152224
7.44544     0.00563617     0.00220153
