0.350463     0.00298185     7.9404e-05
0.44928     0.00536094     8.03942e-05
0.548803     0.00771942     8.5348e-05
0.694112     0.0119658     6.83817e-05
0.893616     0.0178178     8.26297e-05
1.11491     0.0247151     9.20855e-05
1.36486     0.0318597     0.000117921
1.71234     0.0407017     0.000113326
2.20805     0.0516479     0.00018817
2.71543     0.058599     0.000297257
3.21783     0.059529     0.000446767
3.72055     0.057317     0.000649197
4.40138     0.0499388     0.000733616
5.4208     0.0361454     0.00126565
6.43594     0.0309894     0.00196238
7.44632     0.0252175     0.00280154
