0.350614     0.00122406     4.89515e-05
0.449452     0.00192112     4.90684e-05
0.548958     0.00286291     5.15924e-05
0.694638     0.00427575     4.07701e-05
0.894069     0.00653729     4.8471e-05
1.11537     0.00890229     5.32512e-05
1.36506     0.011575     6.75393e-05
1.71259     0.0152994     6.41539e-05
2.20734     0.0209616     0.000107428
2.71331     0.0258809     0.000173622
3.2145     0.0292041     0.000270159
3.71678     0.030199     0.000411231
4.38767     0.0275648     0.000494292
5.41263     0.0198743     0.000918511
6.433     0.0120579     0.001467
7.4465     0.011126     0.00211464
