0.35034     0.00287636     0.000141605
0.449165     0.0054282     0.000144456
0.5487     0.00801964     0.00015431
0.693762     0.0122813     0.000124613
0.893349     0.0183065     0.000151878
1.11458     0.0250455     0.000170358
1.36463     0.0320383     0.000219647
1.71207     0.0408864     0.000211816
2.20833     0.0502662     0.000351737
2.71623     0.0541184     0.000551553
3.21887     0.0544533     0.000821723
3.72162     0.0497001     0.00117748
4.40462     0.0434856     0.00130988
5.42277     0.0336495     0.002222
6.43569     0.024911     0.00343391
7.44253     0.027569     0.00488073
