0.350631     0.0015632     5.11375e-05
0.449448     0.00252356     5.12586e-05
0.548954     0.0036791     5.38903e-05
0.694614     0.00562015     4.26133e-05
0.894026     0.00850464     5.07383e-05
1.11536     0.0118222     5.58049e-05
1.36509     0.0154199     7.07876e-05
1.71273     0.0201444     6.72904e-05
2.20747     0.0272931     0.000112312
2.71364     0.0338273     0.000180765
3.215     0.0372553     0.000279617
3.71744     0.0382857     0.000422944
4.3898     0.0345937     0.000502814
5.41407     0.0247516     0.000922487
6.43329     0.0190565     0.0014681
7.44587     0.0121405     0.00210569
