0.350615     0.00235435     6.25205e-05
0.44942     0.00386654     6.27591e-05
0.548924     0.00565351     6.61097e-05
0.694505     0.00852796     5.24484e-05
0.893932     0.0127522     6.26599e-05
1.11527     0.0177307     6.91721e-05
1.36509     0.0229516     8.78963e-05
1.71274     0.0300618     8.38527e-05
2.20761     0.0399124     0.000139382
2.71431     0.0477034     0.000222563
3.216     0.0513401     0.000340794
3.7185     0.0505567     0.000507802
4.39413     0.0458028     0.00059168
5.41676     0.0335245     0.00106073
6.43451     0.0236039     0.00167071
7.44583     0.0194094     0.00240079
