0.350547     1.33674e-05     0.000158422
0.44935     0.000667089     0.000159612
0.548863     0.00203833     0.000168731
0.694311     0.00385022     0.000134239
0.893781     0.007122     0.00016119
1.11511     0.0113701     0.000178667
1.36499     0.0158398     0.000227929
1.71254     0.0227148     0.000218515
2.20787     0.0330829     0.000363395
2.71491     0.0405864     0.000575931
3.21707     0.044087     0.000871151
3.71972     0.0422788     0.0012792
4.39784     0.0355457     0.00146208
5.41918     0.0260264     0.00256938
6.43413     0.0198496     0.00399766
7.44646     0.011558     0.00572539
