0.35034     -0.000493191     -0.00040349
0.449165     -0.000189524     -0.000411337
0.5487     0.000582903     0.000439143
0.693762     0.0029662     0.000354135
0.893349     0.00562081     0.000431646
1.11458     0.00790803     0.000483737
1.36463     0.0129806     0.000625599
1.71207     0.019068     0.000606733
2.20833     0.0240049     0.00100429
2.71623     0.0283595     0.00157302
3.21887     0.0255308     0.00233456
3.72162     0.0247412     0.00335546
4.40462     0.0258749     0.00374228
5.42277     0.00708586     0.00638403
6.43569     0.0153274     0.009891
7.44253     -0.0288403     -0.0140584
