0.350614     -3.28034e-05     -6.76398e-05
0.449452     6.63907e-05     6.77882e-05
0.548958     0.000852133     7.12391e-05
0.694638     0.00176839     5.62346e-05
0.894069     0.00341929     6.68043e-05
1.11537     0.005649     7.33412e-05
1.36506     0.00818054     9.30325e-05
1.71259     0.0124147     8.83755e-05
2.20734     0.0189233     0.000148126
2.71331     0.0247608     0.000239159
3.2145     0.0291705     0.00037178
3.71678     0.0307564     0.000566115
4.38767     0.0295392     0.000680275
5.41263     0.0204512     0.001266
6.433     0.0139975     0.00201383
7.4465     0.00953955     0.00290844
