0.350631     -0.000110804     -7.44086e-05
0.449448     0.000400577     7.45647e-05
0.548954     0.000991209     7.83615e-05
0.694614     0.00224662     6.18841e-05
0.894026     0.00443713     7.36169e-05
1.11536     0.00717574     8.09056e-05
1.36509     0.0104259     0.000102647
1.71273     0.0155697     9.7619e-05
2.20747     0.0231172     0.000163057
2.71364     0.0302454     0.000262223
3.215     0.0345962     0.000405308
3.71744     0.0361591     0.00061226
4.3898     0.0339969     0.000727812
5.41407     0.0253616     0.00133727
6.43329     0.0177982     0.00212913
7.44587     0.00647374     0.00305594
