0.350504     -0.000716144     -6.83414e-05
0.449429     -0.000723718     -6.86808e-05
0.548943     -0.000594808     -7.22369e-05
0.694796     -0.00018936     -5.69097e-05
0.894377     0.000477962     6.71568e-05
1.11531     0.00118981     7.33671e-05
1.36491     0.00217814     9.32191e-05
1.71229     0.00419061     8.84019e-05
2.20703     0.00667823     0.000149406
2.71244     0.00876172     0.000244497
3.21326     0.0109537     0.000385607
3.71532     0.0128628     0.000597164
4.3824     0.0121354     0.000736347
5.41069     0.00864886     0.00141029
6.43242     0.00820288     0.00227688
7.44662     -0.000166557     -0.00328119
