0.350463     4.70164e-05     0.000172258
0.44928     0.000640576     0.000174317
0.548803     0.00177764     0.000184942
0.694112     0.00397239     0.000147938
0.893616     0.00706096     0.000178594
1.11491     0.0109297     0.000198876
1.36486     0.0159259     0.000254946
1.71234     0.0228023     0.00024562
2.20805     0.0319195     0.000407832
2.71543     0.0365117     0.00064273
3.21783     0.0398029     0.000965007
3.72055     0.0373632     0.00140317
4.40138     0.0319396     0.0015863
5.4208     0.0240346     0.0027455
6.43594     0.00933408     0.00427452
7.44632     0.0118097     0.00612826
