0.350589     3.18381e-05     0.00012432
0.449386     0.000689586     0.000124984
0.548897     0.00163941     0.000131802
0.694416     0.00373019     0.000104633
0.893856     0.00688754     0.000125224
1.1152     0.0105326     0.000138341
1.36504     0.0148679     0.000176126
1.71268     0.0221534     0.000168548
2.20775     0.031583     0.000280161
2.71459     0.0401733     0.000445749
3.21649     0.0421642     0.000677127
3.71924     0.0432882     0.00100206
4.3962     0.0377396     0.0011551
5.41757     0.0280195     0.00205011
6.43529     0.0195687     0.00320771
7.44511     0.0128007     0.00459847
