0.350576     -0.000384766     -6.29505e-05
0.449446     -0.000231111     -6.31591e-05
0.54895     6.17341e-05     6.63816e-05
0.694678     0.000821308     5.23657e-05
0.894156     0.00217131     6.21143e-05
1.11535     0.00376058     6.80934e-05
1.365     0.0054208     8.6426e-05
1.71242     0.00874668     8.2065e-05
2.20727     0.0136593     0.000138111
2.71286     0.0179344     0.000224244
3.21389     0.0215866     0.000350936
3.7161     0.023868     0.000538119
4.38528     0.0228621     0.000654104
5.4119     0.017892     0.00123448
6.43278     0.0120528     0.00197549
7.44544     0.00433845     0.00286049
