0.350634     -3.73514e-05     -8.53137e-05
0.449438     0.000648213     8.55162e-05
0.548942     0.00140315     8.99269e-05
0.694568     0.00300443     7.11027e-05
0.893987     0.00543882     8.47188e-05
1.11534     0.00855926     9.32145e-05
1.3651     0.0122642     0.000118332
1.71276     0.0182358     0.000112711
2.20751     0.0271013     0.000187886
2.71395     0.0345486     0.00030085
3.21543     0.0397043     0.000462533
3.71796     0.041274     0.000693779
4.39187     0.0378155     0.000815595
5.41534     0.0281763     0.00148095
6.43406     0.0193035     0.00235002
7.44604     0.000324886     0.00335012
