0.350615     0.000105481     0.00010095
0.44942     0.000698916     0.00010131
0.548924     0.00170827     0.000106665
0.694505     0.00331293     8.4476e-05
0.893932     0.00608486     0.000100826
1.11527     0.00962453     0.000111169
1.36509     0.0136842     0.000141285
1.71274     0.0204035     0.000134836
2.20761     0.0301625     0.000224469
2.71431     0.0377499     0.000358077
3.216     0.0431419     0.000547604
3.7185     0.0433371     0.000815557
4.39413     0.0383052     0.000950836
5.41676     0.0287176     0.00170245
6.43451     0.0189079     0.00268589
7.44583     0.00768233     0.00384601
