0.35034     0.000357741     0.000246796
0.449165     0.000629948     0.000251719
0.5487     0.000671461     0.000268654
0.693762     0.0014143     0.000216564
0.893349     0.00268053     0.000263533
1.11458     0.00396717     0.000295182
1.36463     0.00524739     0.000380953
1.71207     0.0068886     0.000365967
2.20833     0.0102124     0.000613074
2.71623     0.0107818     0.000966428
3.21887     0.0128236     0.00144285
3.72162     0.0125552     0.00207853
4.40462     0.00961218     0.0023136
5.42277     0.0142234     0.00391986
6.43569     -0.00266686     -0.006116
7.44253     0.00741145     0.00862986
