0.350463     6.51401e-05     0.000116923
0.44928     0.000468001     0.000118327
0.548803     0.000815164     0.000125577
0.694112     0.00123018     0.000100353
0.893616     0.00245584     0.000121088
1.11491     0.00364409     0.000134642
1.36486     0.00529465     0.00017259
1.71234     0.00731718     0.000165033
2.20805     0.0109659     0.00027654
2.71543     0.0133608     0.000439496
3.21783     0.0148936     0.000662596
3.72055     0.014209     0.000965092
4.40138     0.0106908     0.00109163
5.4208     0.0105187     0.00188251
6.43594     0.00327584     0.00292237
7.44632     0.00216091     0.00416161
