0.350615     0.000254247     8.21938e-05
0.44942     0.000445275     8.25026e-05
0.548924     0.000533697     8.68836e-05
0.694505     0.000872811     6.87895e-05
0.893932     0.0016892     8.20843e-05
1.11527     0.00233082     9.03988e-05
1.36509     0.00335044     0.000114958
1.71274     0.0049387     0.000109017
2.20761     0.0075412     0.000182673
2.71431     0.00969386     0.000293408
3.216     0.0111702     0.000451353
3.7185     0.010938     0.000673443
4.39413     0.0111308     0.000785382
5.41676     0.00717501     0.00140522
6.43451     0.00589507     0.00221269
7.44583     0.00408138     0.00317768
