0.350504     0.000260718     8.44509e-05
0.449429     0.000107173     8.49089e-05
0.548943     0.000148959     8.9342e-05
0.694796     0.000272689     7.04121e-05
0.894377     0.000260352     8.30871e-05
1.11531     0.000435052     9.07745e-05
1.36491     0.00041649     0.000115413
1.71229     0.000504144     0.000109336
2.20703     0.000730155     0.000185244
2.71244     0.000817284     0.000304054
3.21326     0.00195414     0.000480254
3.71532     0.00108093     0.000746659
4.3824     0.00174031     0.000920569
5.41069     0.0019172     0.00176959
6.43242     0.0022903     0.00284381
7.44662     0.00127678     0.00408793
