0.350634     0.000210744     7.27403e-05
0.449438     0.000226867     7.2921e-05
0.548942     0.000363725     7.67017e-05
0.694568     0.000664109     6.06249e-05
0.893987     0.00117809     7.22092e-05
1.11534     0.00176185     7.93785e-05
1.3651     0.00272246     0.000100815
1.71276     0.00396789     9.54752e-05
2.20751     0.00606231     0.000160065
2.71395     0.00797999     0.000258061
3.21543     0.0088889     0.000398775
3.71796     0.0112375     0.000599138
4.39187     0.00984812     0.000706423
5.41534     0.00601504     0.00127628
6.43406     0.000732635     0.00202628
7.44604     -0.00121364     -0.00290636
