0.350547     0.000175143     0.000116953
0.44935     0.000334238     0.000117892
0.548863     0.000703655     0.000124603
0.694311     0.0011943     9.91067e-05
0.893781     0.00213177     0.000118965
1.11511     0.00305993     0.000131623
1.36499     0.00501388     0.000168072
1.71254     0.00705454     0.000160205
2.20787     0.0102336     0.000268283
2.71491     0.0129371     0.000428786
3.21707     0.0143307     0.000652836
3.71972     0.014299     0.000958988
4.39784     0.0118089     0.00109768
5.41918     0.00653608     0.00192535
6.43413     0.0045376     0.00298884
7.44646     0.00780128     0.00424941
