0.350614     6.64024e-05     6.50449e-05
0.449452     0.000160685     6.51997e-05
0.548958     0.000186408     6.85443e-05
0.694638     0.000401128     5.41104e-05
0.894069     0.000608274     6.42827e-05
1.11537     0.000907469     7.05467e-05
1.36506     0.00130301     8.95385e-05
1.71259     0.00191676     8.46927e-05
2.20734     0.00267596     0.000142522
2.71331     0.00410036     0.000231222
3.2145     0.00539507     0.00036101
3.71678     0.00528876     0.000550594
4.38767     0.00481649     0.000661617
5.41263     0.00370008     0.00123004
6.433     0.00242334     0.00196193
7.4465     0.00109496     0.00284416
