0.350576     0.00011204     6.65036e-05
0.449446     0.000267295     6.67439e-05
0.54895     0.000263723     7.01691e-05
0.694678     0.000235969     5.53748e-05
0.894156     0.000503041     6.56952e-05
1.11535     0.000721057     7.20174e-05
1.365     0.00086633     9.14566e-05
1.71242     0.00133792     8.66261e-05
2.20727     0.00195907     0.000146215
2.71286     0.00248101     0.000238305
3.21389     0.00307138     0.000374231
3.7161     0.00267054     0.000575439
4.38528     0.0040431     0.000699278
5.4119     0.00120304     0.0013212
6.43278     0.00235093     0.00210895
7.44544     0.00220164     0.00305402
