0.350631     8.35908e-05     6.69415e-05
0.449448     0.000209742     6.70967e-05
0.548954     0.000283834     7.0523e-05
0.694614     0.000533829     5.56912e-05
0.894026     0.00100978     6.62545e-05
1.11536     0.00131881     7.27572e-05
1.36509     0.00204084     9.23154e-05
1.71273     0.00299727     8.73787e-05
2.20747     0.00446938     0.000146656
2.71364     0.00609652     0.000237166
3.215     0.00646802     0.000368109
3.71744     0.00756971     0.000558469
4.3898     0.00714819     0.000664334
5.41407     0.00501218     0.00121778
6.43329     0.00207095     0.00193856
7.44587     0.000327941     0.00278551
