0.350589     0.000112854     9.64202e-05
0.449386     0.000422219     9.69396e-05
0.548897     0.000671636     0.000102248
0.694416     0.000964815     8.11368e-05
0.893856     0.00192241     9.70669e-05
1.1152     0.00291966     0.00010713
1.36504     0.0040571     0.000136419
1.71268     0.00595564     0.000129746
2.20775     0.00947511     0.000217155
2.71459     0.0114993     0.000348249
3.21649     0.0135022     0.000532587
3.71924     0.0127666     0.000789434
4.3962     0.01142     0.000909316
5.41757     0.00891783     0.00161548
6.43529     0.00540253     0.00250573
7.44511     0.00522793     0.00360413
