0.350547     -0.000877534     -0.000292997
0.44935     -0.000372499     -0.000295171
0.548863     0.000300709     0.000311893
0.694311     -5.12119e-05     -0.000247884
0.893781     0.000368942     0.000296961
1.11511     0.00166044     0.000327979
1.36499     0.0017988     0.000417536
1.71254     0.00441139     0.000396963
2.20787     0.00644287     0.0006614
2.71491     0.00862187     0.00105035
3.21707     0.00838725     0.00159184
3.71972     0.00965979     0.00234254
4.39784     0.00531275     0.00268529
5.41918     0.0112153     0.00472391
6.43413     0.00518285     0.00737388
7.44646     0.00299819     0.0105289
