0.350504     -7.73733e-05     -8.01473e-05
0.449429     5.30466e-05     8.0546e-05
0.548943     5.21838e-05     8.46989e-05
0.694796     0.000218488     6.67306e-05
0.894377     0.000457832     7.87596e-05
1.11531     0.00110352     8.60186e-05
1.36491     0.00176867     0.000109244
1.71229     0.00275861     0.000103479
2.20703     0.00440811     0.000174793
2.71244     0.00567471     0.000285879
3.21326     0.00788565     0.000450187
3.71532     0.00768136     0.000697342
4.3824     0.00867903     0.000858588
5.41069     0.00371177     0.0016467
6.43242     0.000974513     0.00265866
7.44662     0.00267661     0.00382445
