0.350589     -0.000376496     -0.000218196
0.449386     -0.000283446     -0.00021933
0.548897     -0.000428119     -0.00023126
0.694416     -0.000210486     -0.000183327
0.893856     0.000849524     0.000218985
1.1152     0.00117413     0.000241146
1.36504     0.00241323     0.000306437
1.71268     0.00421081     0.000290591
2.20775     0.00671048     0.000484062
2.71459     0.00985988     0.000771614
3.21649     0.0111975     0.00117506
3.71924     0.00999644     0.00174123
4.3962     0.0104502     0.00201088
5.41757     0.00797719     0.00357414
6.43529     1.38131e-05     0.00562484
7.44511     0.00311153     0.00810708
