0.350615     -0.000148172     -0.000166539
0.44942     4.4424e-05     0.00016711
0.548924     4.28559e-05     0.000175906
0.694505     0.00032802     0.000139149
0.893932     0.000927147     0.000165815
1.11527     0.00171295     0.000182312
1.36509     0.0026539     0.000231283
1.71274     0.00426779     0.000218868
2.20761     0.00654745     0.000364743
2.71431     0.00919838     0.000583614
3.216     0.0116153     0.000892827
3.7185     0.0099659     0.0013331
4.39413     0.00971944     0.00155449
5.41676     0.007005     0.00278564
6.43451     0.000147625     0.00441449
7.44583     -0.00908979     -0.00635433
