0.350463     -0.00100888     -0.00035029
0.44928     -0.0011156     -0.000354477
0.548803     -0.00108306     -0.000375861
0.694112     -0.00114379     -0.0003002
0.893616     -0.000167374     -0.000361347
1.11491     0.000631861     0.000400757
1.36486     0.00240526     0.000512624
1.71234     0.00230259     0.000488032
2.20805     0.00627946     0.0008147
2.71543     0.006969     0.00129005
3.21783     0.0069877     0.00194165
3.72055     0.0071361     0.00282744
4.40138     0.00632318     0.0032048
5.4208     0.0108021     0.0055628
6.43594     -0.00507847     -0.00869623
7.44632     -0.00735117     -0.0124088
