0.350634     -0.000388976     -0.000135689
0.449438     0.000229858     0.000135993
0.548942     0.000237676     0.000142989
0.694568     0.000406451     0.00011293
0.893987     0.000844658     0.000134342
1.11534     0.00173832     0.000147461
1.3651     0.00294956     0.000186928
1.71276     0.00421483     0.000176696
2.20751     0.00688909     0.000294923
2.71395     0.00935082     0.000473168
3.21543     0.0103788     0.000728074
3.71796     0.0123016     0.00109325
4.39187     0.0129362     0.00128734
5.41534     0.00722764     0.00233702
6.43406     0.0026938     0.00371463
7.44604     -0.00609333     -0.00532973
