0.35034     -0.00236123     -0.0010092
0.449165     -0.00437197     -0.0010398
0.5487     -0.00180178     -0.00109571
0.693762     -0.00144268     -0.000881972
0.893349     -0.00372508     -0.00108078
1.11458     -0.000591504     -0.00119561
1.36463     -0.000291804     -0.0015401
1.71207     0.00445155     0.00148501
2.20833     0.00597138     0.00246995
2.71623     0.00630609     0.00388373
3.21887     0.010669     0.0057852
3.72162     0.0129373     0.00832826
4.40462     -0.00694521     -0.00930371
5.42277     0.00352616     0.0158781
6.43569     0.033853     0.0246681
7.44253     0.0253645     0.0354246
