0.350614     5.71483e-05     9.88196e-05
0.449452     -3.44044e-05     -9.90271e-05
0.548958     0.000501533     0.000104047
0.694638     0.000462957     8.20671e-05
0.894069     0.00109322     9.74036e-05
1.11537     0.00182214     0.000106769
1.36506     0.00262887     0.000135266
1.71259     0.00375794     0.000127866
2.20734     0.00648829     0.000214382
2.71331     0.00874857     0.000346346
3.2145     0.0112227     0.000538558
3.71678     0.012313     0.000820899
4.38767     0.0114404     0.000986434
5.41263     0.00894889     0.00183469
6.433     0.00965448     0.00293588
7.4465     0.00725017     0.00422117
