0.350576     0.000309885     8.5831e-05
0.449446     8.93421e-05     8.61002e-05
0.54895     0.000190765     9.04842e-05
0.694678     0.000492281     7.13583e-05
0.894156     0.000767487     8.45739e-05
1.11535     0.00157427     9.26346e-05
1.365     0.00242708     0.000117477
1.71242     0.00357678     0.000111141
2.20727     0.00579713     0.000187012
2.71286     0.00750314     0.000303624
3.21389     0.00934339     0.000475308
3.7161     0.0108899     0.000728374
4.38528     0.00994153     0.000885119
5.4119     0.009587     0.00167038
6.43278     0.00850527     0.00267983
7.44544     0.00543515     0.00388354
