0.350631     1.1409e-06     0.000113969
0.449448     8.40347e-06     0.000114191
0.548954     0.000121935     0.00011997
0.694614     0.000607916     9.46789e-05
0.894026     0.00133736     0.000112503
1.11536     0.00151442     0.000123347
1.36509     0.00256589     0.000156267
1.71273     0.00458158     0.000147746
2.20747     0.00668521     0.000246885
2.71364     0.00937034     0.000397733
3.215     0.0117547     0.000615146
3.71744     0.0114369     0.00093025
4.3898     0.0102199     0.00110598
5.41407     0.00827244     0.00203182
6.43329     0.00418664     0.0032448
7.44587     0.00561823     0.00467424
