0.350576     9.31186e-05     8.52139e-05
0.449446     5.61001e-05     8.55079e-05
0.54895     -2.81891e-05     -8.98938e-05
0.694678     0.000193676     7.09265e-05
0.894156     0.000141023     8.41308e-05
1.11535     0.000429045     9.21817e-05
1.365     0.00103109     0.000117047
1.71242     0.00136882     0.000110803
2.20727     0.00194977     0.000186944
2.71286     0.00326615     0.000304575
3.21389     0.00384524     0.000477787
3.7161     0.00544758     0.000733962
4.38528     0.00394375     0.000892917
5.4119     0.00100962     0.00168535
6.43278     -0.00156781     -0.00269132
7.44544     0.0096946     0.00391752
