0.350614     -0.000137747     -8.82873e-05
0.449452     -5.55971e-05     -8.85038e-05
0.548958     0.000122878     9.30213e-05
0.694638     0.000176465     7.34252e-05
0.894069     0.000439895     8.72036e-05
1.11537     0.000681555     9.56477e-05
1.36506     0.00113184     0.000121339
1.71259     0.00220109     0.000114814
2.20734     0.00353262     0.000193055
2.71331     0.00467352     0.000312879
3.2145     0.00580246     0.000488
3.71678     0.00835063     0.000744681
4.38767     0.00715059     0.000895141
5.41263     0.00315219     0.00166474
6.433     0.00593891     0.00265208
7.4465     -0.00237106     -0.00382313
