0.350504     -4.00539e-05     -0.000100241
0.449429     0.000174832     0.000100756
0.548943     0.000360547     0.000106027
0.694796     0.000471969     8.3561e-05
0.894377     0.00024102     9.85711e-05
1.11531     0.000368917     0.000107684
1.36491     0.000630472     0.000136889
1.71229     0.000653853     0.000129648
2.20703     0.000907926     0.000219472
2.71244     0.00153207     0.000360128
3.21326     0.00136127     0.000568756
3.71532     0.00334104     0.000882286
4.3824     0.00215388     0.00108892
5.41069     0.000139172     0.00208904
6.43242     0.00121546     0.003368
7.44662     -0.000710916     -0.00485632
