0.350463     -0.000281757     -0.00026202
0.44928     0.000222277     0.000265129
0.548803     0.000374587     0.000281282
0.694112     0.000788113     0.000224804
0.893616     0.00154661     0.000271092
1.11491     0.00167216     0.000301237
1.36486     0.00392661     0.000386219
1.71234     0.00475127     0.000368991
2.20805     0.00791034     0.000617472
2.71543     0.00903197     0.000980386
3.21783     0.0113719     0.00147951
3.72055     0.0123778     0.00215514
4.40138     0.00840469     0.00243695
5.4208     -0.00257833     -0.004228
6.43594     -0.00253457     -0.00662861
7.44632     0.00525133     0.00944742
