0.350634     -7.5599e-05     -0.000110009
0.449438     0.000258841     0.000110267
0.548942     7.69662e-05     0.000115973
0.694568     0.00035733     9.16562e-05
0.893987     0.000920291     0.000109147
1.11534     0.00125116     0.000119919
1.3651     0.00198756     0.000152217
1.71276     0.0032812     0.000144128
2.20751     0.00565553     0.000241364
2.71395     0.00821585     0.000388837
3.21543     0.00932035     0.000600093
3.71796     0.00972977     0.000901971
4.39187     0.00994115     0.00106084
5.41534     0.0073005     0.00192894
6.43406     0.00902402     0.00305709
7.44604     0.000943864     0.00435838
