0.350615     0.000171983     0.000131962
0.44942     -0.000104762     -0.000132428
0.548924     8.21354e-05     0.000139426
0.694505     0.000535797     0.000110382
0.893932     0.000752094     0.000131659
1.11527     0.00155676     0.000144951
1.36509     0.00212071     0.000184167
1.71274     0.0040622     0.000174619
2.20761     0.00726758     0.000292251
2.71431     0.00925218     0.000468944
3.216     0.0114175     0.000719884
3.7185     0.00993847     0.00107591
4.39413     0.0105035     0.00125391
5.41676     0.0101677     0.00224509
6.43451     0.00417681     0.00353098
7.44583     0.0024868     0.00505605
