0.35034     0.001225     0.00073822
0.449165     4.11648e-05     0.000752261
0.5487     0.000207501     0.000802821
0.693762     0.000911589     0.000647307
0.893349     0.00263086     0.000789751
1.11458     0.000129707     0.000880479
1.36463     0.00253695     0.00113708
1.71207     0.00292139     0.00109208
2.20833     0.00710082     0.0018339
2.71623     0.00427171     0.00288633
3.21887     0.0150172     0.00432034
3.72162     0.010028     0.00623873
4.40462     0.00776218     0.00699249
5.42277     -0.00921138     -0.0119258
6.43569     0.00694252     0.0186442
7.44253     -0.00189472     -0.0265842
