0.350631     2.28437e-05     9.58834e-05
0.449448     -0.000118286     -9.60936e-05
0.548954     6.88065e-05     0.000100995
0.694614     0.000329804     7.97358e-05
0.894026     0.000610261     9.48196e-05
1.11536     0.000860326     0.000104088
1.36509     0.00141099     0.000132021
1.71273     0.0025424     0.000124915
2.20747     0.0044862     0.000209498
2.71364     0.00622836     0.000338519
3.215     0.00808689     0.000525163
3.71744     0.00946438     0.000794477
4.3898     0.00705264     0.000946723
5.41407     0.00767497     0.00173592
6.43329     0.00361087     0.00275271
7.44587     0.00394498     0.00396459
