0.350547     -0.000217297     -0.000219961
0.44935     -0.000127815     -0.000221659
0.548863     0.000241528     0.000234305
0.694311     0.00105944     0.00018634
0.893781     0.00121394     0.000223514
1.11511     0.00144993     0.000247176
1.36499     0.00266404     0.000315442
1.71254     0.00433814     0.000300383
2.20787     0.00763121     0.000502646
2.71491     0.0104544     0.000801811
3.21707     0.013092     0.00122039
3.71972     0.0130628     0.00179404
4.39784     0.0123982     0.00205126
5.41918     0.00950318     0.00360964
6.43413     0.00655344     0.00558812
7.44646     -0.0020438     -0.00795254
