0.350589     -9.90821e-05     -0.0001662
0.449386     0.00019572     0.000167111
0.548897     0.000354621     0.000176224
0.694416     0.000548095     0.000139825
0.893856     0.00124523     0.000167192
1.1152     0.00174528     0.000184429
1.36504     0.00274831     0.000234745
1.71268     0.004621     0.000223123
2.20775     0.00683681     0.00037309
2.71459     0.010058     0.000597542
3.21649     0.0115754     0.000912207
3.71924     0.0122865     0.00135323
4.3962     0.00934727     0.00156075
5.41757     0.00528297     0.0027691
6.43529     0.00417006     0.00432149
7.44511     -0.000749259     -0.00618882
