0.350612  0.00177921  9.16174e-05  0.000119088
0.449416  0.00282775  9.19263e-05  0.00018927
0.548907  0.00428395  9.68081e-05  0.000103082
0.694349  0.00633962  7.67694e-05  0.000152546
0.893713  0.00958825  9.19462e-05  0.000230716
1.09354  0.012999  0.000111314  0.000312786
1.37843  0.0178822  0.000103818  0.000430289
1.75872  0.0240064  0.000157861  0.000577652
2.21057  0.0315993  0.000240277  0.000760355
2.71129  0.0369638  0.000387166  0.000889439
3.21304  0.0412258  0.000614991  0.000991995
3.71575  0.0455343  0.000949171  0.00109566
4.38525  0.0351173  0.00115413  0.000845006
5.41143  0.0254736  0.0021754  0.000612955
6.7528  0.0159075  0.00290887  0.000382773
8.82234  0.00865731  0.00561695  0.000208316
10.8558  0.0149337  0.00917155  0.000359341
