0.350598  0.00252428  9.92888e-05  0.000168957
0.44939  0.00432119  9.97667e-05  0.00028923
0.548881  0.00656896  0.000105235  0.000158065
0.694266  0.00990472  8.36146e-05  0.000238331
0.893646  0.0147644  0.000100389  0.000355268
1.09348  0.0198882  0.000121679  0.000478559
1.37811  0.0268622  0.000113709  0.000646369
1.75938  0.0363525  0.000173058  0.000874728
2.21097  0.0462284  0.000261637  0.00111237
2.71211  0.0550198  0.000418774  0.00132391
3.21424  0.0585467  0.000657292  0.00140878
3.71683  0.0571698  0.00100103  0.00137564
4.38961  0.0511533  0.00119625  0.00123087
5.41418  0.0350431  0.00220556  0.00084322
6.75397  0.0225356  0.00291887  0.00054226
8.81943  0.0186715  0.00564387  0.000449281
10.8658  0.0233911  0.00929467  0.000562845
