0.350425  0.00392715  0.000233638  0.000133176
0.449229  0.00722412  0.000236997  0.000244982
0.548738  0.0111952  0.000252082  0.000273997
0.693817  0.0167589  0.000202363  0.000410166
0.893295  0.025055  0.000245782  0.000613208
1.09322  0.0341269  0.000300535  0.000835238
1.37719  0.0448101  0.000283631  0.0010967
1.75998  0.0585882  0.000434912  0.00143391
2.21152  0.0722624  0.00065275  0.00176858
2.71373  0.0792104  0.00103189  0.00193863
3.21624  0.0803278  0.001585  0.00196598
3.71934  0.0732862  0.00234708  0.00179365
4.39737  0.063399  0.00269978  0.00155166
5.41772  0.0420677  0.00479319  0.00102959
6.75838  0.029482  0.00626209  0.000721556
8.81147  0.00429454  0.0122485  0.000105107
10.8445  0.00754443  0.0204072  0.000184646
