0.439213  0.000192944  8.86318e-05  2.42027e-05
0.694349  0.000907853  0.000125575  0.00011388
0.893713  0.00145779  0.000150401  5.8856e-05
1.09354  0.0021002  0.000182084  8.47919e-05
1.37843  0.00359268  0.000169823  0.000145048
1.75872  0.00493512  0.000258222  0.000199247
2.21057  0.00872382  0.000393013  0.000352209
2.71129  0.00897453  0.000633233  0.000362331
3.21304  0.0105766  0.00100575  0.00042701
3.98399  0.0150862  0.00119867  0.000609078
5.87189  0.00477832  0.00284902  0.000192917
