0.438992  0.00036416  9.30889e-05  4.56798e-05
0.694266  0.00163776  0.000132273  0.000205438
0.893646  0.00250914  0.000158808  0.000101302
1.09348  0.00401024  0.000192488  0.000161907
1.37811  0.00620541  0.000179878  0.000250533
1.75938  0.00885793  0.000273763  0.000357624
2.21097  0.0134903  0.000413891  0.000544649
2.71211  0.0180957  0.000662474  0.000730584
3.21424  0.021457  0.00103981  0.000866291
3.99229  0.0197019  0.00121452  0.000795432
5.88052  0.00955284  0.00278538  0.00038568
